216
532
702
775
192
151
741
50
495
525
858
539
631
905
70
132
680
656
745
748
218
708
422
529
322
833
528
526
112
291
371
757
661
683
808
1
122
589
486
743
630
63
54
791
146
795
263
299
219
704
517
932
353
500
616
674
555
524
468
531
695
380
509
570
438
101
270
412
310
790
846
370
666
768
305
340
309
31
274
678
968
558
800
282
639
926
860
156
306
838
25
337
94
228
642
256
413
681
324
461
223
894
565
764
492
366
829
941
475
238
202
372
689
330
687
537
609
851
235
943
408
617
960
856
843
414
780
965
895
726
576
279
936
296
55
157
546
58
619
430
14
627
97
254
69
640
959
587
334
562
682
232
198
329
799
891
778
41
742
550
724
280
772
257
783
433
164
940
641
545
240
138
319
144
344
351
194
899
527
104
272
181
91
547
277
382
206
928
17
64
105
615
405
566
431
332
286
40
818
652
755
889
520
902
473
493
897
835
205
578
655
465
823
317
287
882
903
760
712
89
504
608
123
53
469
787
543
423
944
416
667
711
637
770
663
188
549
554
71
46
559
208
259
588
491
966
295
253
511
79
949
660
942
60
519
98
73
569
930
196
522
12
249
761
881
59
634
9
214
281
453
963
463
647
19
709
735
962
557
427
103
488
417
360
482
602
824
548
415
139
523
211
693
954
869
390
242
460
159
618
717
657
428
293
498
289
100
275
16
746
288
622
644
866
721
914
15
113
664
679
955
447
624
35
437
335
759
786
859
490
149
969
850
487
744
773
776
723
376
920
304
145
950
294
117
38
551
646
183
896
153
739
719
530
731
311
316
552
659
807
401
199
782
503
28
730
5
269
44
690
872
137
243
911
318
703
349
136
182
80
806
789
892
193
343
629
700
822
302
150
261
114
626
906
885
916
189
848
265
248
388
411
670
714
621
931
454
271
649
191
456
638
39
819
792
796
887
612
842
135
107
307
72
364
200
597
30
567
303
636
49
327
864
841
561
440
901
584
701
535
420
354
285
604
610
215
595
356
705
516
910
126
508
187
722
348
564
603
244
868
124
803
478
226
398
927
913
457
10
699
890
725
339
847
134
668
863
844
798
459
312
605
879
560
734
220
970
36
476
728
278
845
756
368
485
834
585
599
217
951
68
207
813
345
245
141
817
601
600
186
929
484
298
56
497
29
350
74
133
258
336
26
203
22
410
635
534
898
120
224
273
119
477
810
937
769
148
736
586
875
515
308
326
707
839
802
877
2
180
399
234
237
720
590
321
614
283
964
753
653
108
594
357
763
436
450
781
598
352
131
391
967
313
915
61
176
541
925
230
451
75
314
65
513
247
873
886
251
266
86
396
333
553
816
472
917
853
542
662
37
458
432
34
142
128
290
106
197
13
172
852
904
496
752
147
21
544
961
96
849
442
342
88
623
733
260
871
518
394
110
573
479
827
938
57
173
18
865
425
732
481
821
466
8
633
870
407
421
441
685
177
512
45
406
801
935
87
48
919
686
6
262
229
99
727
209
434
212
52
767
643
654
338
651
166
341
239
32
11
784
583
409
429
611
918
825
445
118
540
572
774
102
385
474
788
435
793
694
169
632
956
400
42
204
777
195
78
506
933
805
738
231
160
625
446
24
355
779
403
449
909
241
222
884
861
7
907
574
467
419
613
575
4
669
130
276
883
953
27
510
267
77
178
878
502
462
174
939
804
392
677
168
946
444
361
320
499
591
154
377
109
857
489
255
83
236
729
922
381
233
483
51
521
331
185
373
581
912
163
751
692
765
213
675
811
812
81
300
227
672
710
840
369
127
684
794
268
387
448
673
140
494
648
658
815
867
876
374
325
713
888
571
346
826
82
579
23
367
536
129
155
921
328
688
900
854
379
84
250
771
696
67
749
893
737
221
115
165
855
66
874
945
362
592
718
426
395
90
593
814
201
762
958
439
691
393
143
957
750
284
43
766
210
359
650
378
418
514
832
323
292
580
121
301
676
365
384
455
758
837
389
93
111
754
190
934
628
76
62
171
85
33
383
836
908
184
443
706
596
402
20
47
607
297
424
264
563
665
820
375
505
480
923
347
620
95
606
161
785
538
246
158
948
167
740
315
162
471
358
507
152
797
830
501
170
225
464
397
175
92
715
747
179
582
924
252
577
3
947
671
116
880
452
862
645
533
556
809
697
828
698
125
470
952
716
404
831
386
363
568
