216
775
486
526
112
745
529
422
833
322
708
218
748
656
587
959
617
408
340
666
863
636
153
739
879
560
459
312
605
339
847
134
668
798
528
122
1
808
366
829
941
475
238
661
683
371
757
852
388
248
198
791
714
621
931
411
670
329
799
334
731
456
191
530
719
659
807
401
199
454
271
649
311
316
552
882
903
760
126
910
17
64
578
823
465
655
317
287
40
818
348
722
652
508
187
356
705
206
516
214
382
547
277
928
405
615
91
181
105
156
566
431
306
25
413
681
838
337
926
860
205
570
438
412
310
509
835
897
473
493
902
520
889
755
702
532
285
604
610
354
638
39
215
595
584
901
539
420
535
495
182
440
701
132
680
49
303
567
107
841
597
200
561
30
307
44
364
226
478
913
457
327
864
10
699
803
890
725
637
711
667
124
868
71
46
564
603
244
927
503
269
398
28
730
782
778
136
349
806
80
703
318
202
324
302
150
261
822
700
629
343
193
746
16
842
612
892
789
906
135
72
626
848
114
885
189
916
265
872
137
690
5
243
911
304
294
117
38
646
969
149
490
487
850
950
145
723
776
744
550
773
891
482
602
376
920
551
196
522
12
249
415
104
98
899
73
519
660
272
569
930
896
183
335
759
859
786
240
138
319
351
194
527
344
332
286
256
144
932
353
942
60
59
634
9
881
761
792
819
887
796
463
963
281
453
460
159
275
100
618
390
869
954
693
428
293
717
242
657
211
647
139
523
548
824
103
488
360
417
280
724
742
41
772
559
257
433
783
641
940
164
735
427
557
709
679
962
955
664
19
113
289
15
498
437
79
35
624
447
914
721
866
644
622
491
588
545
949
468
511
966
253
89
469
259
295
787
208
770
663
188
549
944
416
554
423
543
504
53
123
965
780
726
576
936
279
895
608
296
712
55
531
619
157
58
546
430
305
678
558
968
768
282
639
492
461
565
764
309
31
274
695
380
524
555
223
894
616
500
674
288
299
219
704
517
63
630
743
54
146
795
263
609
851
960
856
943
235
642
228
94
330
370
270
689
790
846
372
687
537
101
698
844
589
583
631
905
70
50
741
858
525
151
192
917
232
562
682
640
291
784
11
363
568
97
627
14
313
220
13
333
68
951
217
278
845
585
756
414
734
843
172
186
800
738
805
933
160
231
861
884
907
7
574
467
109
857
489
909
449
403
779
255
707
736
625
222
241
355
446
326
24
515
308
553
197
290
34
142
128
821
816
432
106
904
752
147
458
506
78
575
613
419
4
37
662
542
853
849
87
48
6
919
686
229
338
239
654
276
883
27
953
510
669
804
392
130
262
209
99
727
168
677
643
767
52
434
801
406
685
177
212
671
512
45
935
665
623
563
264
633
733
8
870
407
466
421
441
939
174
837
93
389
190
934
111
754
880
116
862
452
514
418
832
323
758
121
580
292
301
676
455
384
365
359
378
650
747
715
92
175
3
252
577
947
95
620
740
315
765
213
397
464
162
507
152
358
923
347
471
606
161
505
480
140
494
692
179
448
673
387
268
794
826
369
684
127
840
710
672
227
81
300
581
811
812
499
154
377
444
361
320
827
946
573
479
110
394
518
871
173
18
57
938
425
865
260
536
129
82
155
367
23
346
571
579
658
888
876
713
374
325
867
67
815
771
648
250
379
696
814
426
90
593
165
362
66
855
375
820
688
115
854
221
395
84
328
921
900
439
958
762
201
750
957
143
210
393
691
462
502
178
77
474
878
788
267
774
102
435
793
694
632
385
195
777
766
204
42
718
956
400
945
749
893
737
43
284
912
163
185
373
729
922
381
233
675
751
582
924
591
236
331
521
483
51
83
877
802
2
769
485
834
599
830
501
170
225
368
180
399
937
273
119
586
839
148
477
810
875
781
598
321
436
614
720
590
234
237
283
26
203
22
874
592
410
402
20
596
706
47
607
297
424
184
908
108
653
753
964
763
357
967
594
391
450
352
540
56
572
929
484
298
817
258
635
534
497
169
350
29
336
601
813
74
133
131
245
141
600
345
915
230
541
176
925
61
62
171
85
386
836
383
33
76
628
443
831
404
716
481
732
470
952
125
513
65
961
96
247
873
886
451
86
266
314
158
251
396
948
75
544
36
476
797
728
970
697
645
828
556
809
533
538
785
167
246
118
445
825
918
611
429
651
166
341
32
88
342
442
207
120
224
898
409
472
254
69
21
496
