1239
818
601
610
603
602
873
1325
1196
1057
1321
1324
874
1177
659
553
1409
1258
812
507
506
369
370
379
869
1339
1255
709
338
247
248
333
458
1439
1290
947
1306
1075
150
149
844
123
124
715
829
889
689
740
679
678
1345
985
853
854
1462
1524
1575
1449
1080
1326
796
795
837
554
555
810
1060
1572
999
315
316
881
882
1117
1043
913
1405
721
162
161
925
144
143
1497
1267
578
577
1128
1129
1592
1522
966
967
1123
171
172
1205
19
26
482
481
1307
125
126
773
931
1240
1505
766
1014
1148
1218
1375
1207
1206
1398
1399
1583
1131
732
550
551
488
487
1216
1215
1528
1031
1499
612
417
570
239
240
253
254
902
469
468
1386
1591
1478
1477
33
48
1304
1303
908
907
1165
35
29
1513
1508
1509
1582
1581
1158
1159
860
337
211
280
203
204
1034
160
159
1243
1176
1066
1564
82
76
1021
1022
1108
1597
1373
569
168
167
900
57
70
219
220
222
983
1600
1353
1431
62
71
511
498
497
779
780
200
135
136
1007
1020
1038
946
1482
1381
963
944
298
297
1408
1539
1192
545
241
100
99
268
1210
466
878
1336
441
440
1461
1596
587
588
592
44
9
1372
1312
1313
145
146
741
742
583
582
31
42
485
1309
1536
1537
1087
1086
1503
1357
343
344
667
668
1222
1169
1466
1229
893
408
407
986
368
367
770
979
777
778
1378
1354
1061
917
1107
871
870
918
1467
514
513
991
11
5
462
352
353
540
607
804
627
628
1058
1558
1111
949
948
1320
1422
887
888
1361
1380
1458
1377
308
237
236
289
406
1088
813
1391
522
523
1039
1126
916
252
251
108
107
589
1315
1565
359
358
434
433
943
1263
1160
1154
1155
340
339
805
915
221
101
102
456
457
996
322
323
597
596
626
104
103
398
1369
1421
790
789
657
660
595
594
788
759
760
1516
977
976
1144
1358
1382
1383
1217
73
56
1519
1561
1428
1427
1587
1153
1152
516
515
1319
12
45
755
899
898
1146
436
435
842
938
330
329
1285
43
13
63
67
743
360
156
155
460
459
753
1009
1114
1006
1005
1076
1396
1234
66
74
1115
1344
1279
969
980
1106
961
960
1015
1343
1573
1574
1566
1170
1171
1595
1532
1062
1063
1507
1446
1384
1328
1293
700
701
1245
1244
1453
1262
467
186
187
418
419
1141
645
646
1025
1024
1562
1225
1224
1544
1238
194
195
1101
1194
762
763
951
950
1594
1257
1256
1506
717
718
1549
1554
1588
639
525
524
319
320
537
536
845
962
1083
332
331
1483
794
793
521
364
365
1599
1514
1049
261
260
593
703
1355
1504
1332
1527
1094
437
275
206
189
188
270
694
1333
686
269
199
173
174
192
349
1541
1598
1300
1299
505
504
533
532
561
562
509
510
1329
1520
932
1280
935
936
402
276
277
59
58
439
438
1322
1352
1001
1002
1418
730
729
754
531
530
1443
1301
1440
615
448
447
1013
722
1069
1164
243
242
1472
1471
1393
1109
1110
1457
1517
872
825
824
142
141
1078
1512
122
121
1249
1272
1295
1203
112
111
1211
453
984
973
974
1253
279
278
841
840
964
699
698
549
548
1296
1551
1054
1055
1447
1445
956
942
941
1173
809
808
1366
1090
576
649
820
1476
1434
1143
1214
1261
1576
1259
1091
1356
1284
1283
876
708
388
389
739
1036
929
930
1416
1103
723
724
761
803
802
493
494
118
117
707
317
318
245
244
1188
1221
1410
392
393
690
564
563
1168
847
846
676
677
1553
1334
1335
1593
1201
1202
1487
1371
1400
1401
1277
1276
291
290
1047
1048
1423
1525
1494
1546
1569
1570
1388
1175
1174
355
354
1042
681
357
212
179
177
178
334
1191
1190
1533
1099
1098
735
940
911
910
1368
733
234
235
937
1212
1529
585
586
1230
988
987
1271
1270
1120
909
835
836
1479
1004
1003
1480
1464
1140
451
450
995
556
449
736
345
346
416
1367
1236
1179
1473
1442
1137
1136
1195
311
285
286
430
431
605
606
640
720
94
93
975
695
696
702
476
978
1278
1041
1040
647
648
914
6
7
420
1147
959
1142
807
806
901
1016
673
617
616
727
726
1162
1274
202
90
89
552
2
37
363
685
924
49
41
22
3
1269
826
313
312
328
490
489
661
1402
1436
1364
1365
1469
1419
1454
547
546
1515
1584
1450
1451
834
833
1579
1534
473
472
855
994
1578
1577
1435
1338
1231
1220
1268
1571
1425
894
798
792
791
1035
827
828
1432
710
711
1374
1064
1053
88
81
1204
1397
1010
618
619
478
477
632
584
680
875
920
216
215
1548
1474
390
391
1051
629
148
96
95
134
301
321
403
1070
271
272
39
10
1317
1264
651
652
4
40
226
314
224
225
265
968
852
851
713
714
775
776
1184
750
520
519
877
957
1037
928
621
620
1246
65
60
80
83
201
164
163
246
16
52
580
327
326
886
885
1311
1310
1441
1145
542
541
1492
1486
1485
529
528
1590
46
53
463
464
1362
1305
1314
1282
1281
411
410
1349
1251
1252
1157
600
266
267
579
838
1079
1089
1116
641
642
832
1292
1327
1000
55
72
293
292
184
185
350
223
140
139
953
744
745
811
1348
1291
1132
772
213
97
98
198
214
1337
1456
634
633
1463
1496
1331
1288
1287
1488
1489
1011
474
475
560
443
442
604
1178
324
325
1073
1193
734
205
147
131
36
28
347
348
581
432
465
636
1052
1237
1121
1438
1484
307
306
767
196
197
624
1133
30
50
799
79
75
1411
1412
1555
1376
890
891
1437
1026
1027
1406
1407
1389
822
823
302
303
341
24
17
635
939
843
210
209
208
207
716
719
483
484
965
1032
1033
566
565
1130
47
54
228
229
182
183
544
543
897
922
1273
300
299
1197
787
662
231
230
342
625
538
539
669
670
674
921
952
1538
1493
1105
1104
1227
934
933
623
622
1390
1172
1019
1113
499
500
1502
1404
1166
747
746
850
573
572
559
558
1056
857
728
1156
557
284
283
218
217
1208
1
15
797
1308
858
859
1491
1084
896
105
106
919
1223
1323
1420
517
518
1067
1468
1330
785
784
64
68
91
92
257
665
666
687
568
567
1379
879
756
757
611
128
127
190
191
817
132
133
1385
705
706
883
884
1433
1260
1102
1275
751
752
1460
1183
1182
1392
970
1068
758
658
496
138
119
120
575
1209
1552
1481
258
259
273
274
1426
361
381
153
154
232
503
1017
429
428
405
404
1095
1096
1050
1213
1448
849
848
1543
1139
1138
613
614
774
1495
631
630
1586
1585
1475
1414
981
982
1526
250
249
452
637
394
395
816
815
786
1045
495
927
1459
1149
1500
351
85
78
954
376
375
1347
1580
990
989
382
383
444
305
304
296
130
129
366
371
372
814
958
1465
1394
1395
892
454
455
387
386
461
508
801
800
712
423
422
1044
1424
781
782
864
1417
1187
1186
1430
1023
1232
1550
480
479
1370
1161
424
114
113
137
157
158
704
1429
1342
1077
1302
609
608
664
663
861
1363
110
109
262
263
955
1318
1490
1359
1242
945
176
175
486
446
445
923
1346
768
769
535
534
868
1559
1560
1545
731
426
425
1226
373
374
895
1286
1233
116
115
1163
1387
1097
336
335
691
654
653
865
1059
697
819
831
377
378
77
86
356
1415
287
288
1167
491
492
972
971
1567
1316
409
170
169
233
264
1018
574
256
255
1150
1510
1511
1556
1557
992
993
501
502
1008
748
749
904
903
599
598
1085
644
643
675
866
867
1112
650
181
180
571
912
1535
1523
21
38
1351
1350
1200
1199
862
863
1228
470
471
415
414
672
671
1530
421
384
385
1297
1071
1072
1455
1452
693
692
1254
1265
738
737
1531
1547
14
34
1012
1065
1294
400
401
427
1235
880
295
294
682
1100
830
309
310
771
1124
1125
1589
1413
413
412
783
638
32
25
1127
856
839
166
165
512
281
282
1181
1180
1198
1250
1470
1340
1341
51
20
1241
1119
1118
1540
1189
1135
926
362
193
152
151
1542
1518
1093
1092
1568
1498
1248
527
526
684
683
725
1028
1403
997
998
84
87
227
764
765
1521
1563
380
23
27
238
688
1501
1298
1082
1081
1247
1134
821
1030
1029
655
656
8
18
1151
1444
1289
1185
399
397
396
1219
69
61
1122
1266
1074
1046
590
591
906
905
1360
