907
908
988
987
1553
1308
38
21
1332
1333
1171
1170
1574
1145
1341
1340
1146
1198
166
165
839
1180
541
542
1441
1250
1470
1127
32
25
638
783
282
281
512
856
1181
412
413
1561
1427
1428
515
516
938
1217
1114
436
435
842
898
73
56
899
329
330
51
20
1083
845
962
1148
1240
931
773
570
766
1014
1505
1362
1218
1375
1475
1414
927
1451
1515
1450
1584
834
833
612
417
240
239
902
253
254
469
468
1206
1207
1398
1499
1031
1303
1583
1131
732
550
551
1215
1399
487
488
1216
1528
1304
33
48
1524
1306
1413
1386
1591
1326
1478
1477
837
1075
829
123
124
715
150
149
844
1058
985
853
854
1462
889
689
740
679
678
1345
1060
810
796
795
554
555
1080
1449
1575
1485
1486
532
533
562
561
510
509
1299
505
504
1300
546
547
1419
1280
932
1520
1094
437
1527
275
206
189
188
270
694
686
269
199
173
174
192
349
1541
1329
1536
1537
1258
1339
1255
709
338
247
248
458
333
1439
1378
874
1177
1409
553
659
369
370
379
869
812
507
506
601
610
603
602
818
1239
1325
873
947
1290
1006
1005
1234
1285
43
13
67
63
459
460
156
155
360
743
753
1009
1383
1382
1369
597
596
323
398
104
103
322
626
1421
1516
340
339
805
1587
1153
1152
489
661
996
457
221
102
101
456
915
893
1320
1422
887
888
1361
788
759
760
408
407
595
660
594
1229
1107
1466
668
667
343
344
1503
1086
1087
1391
1039
916
252
251
657
523
522
1315
589
107
108
1126
358
359
1154
1155
865
654
374
373
895
653
691
1097
335
336
1424
1395
943
433
434
1160
1526
1313
878
466
813
982
981
1471
587
588
592
1192
241
268
100
99
545
1210
1088
1380
1377
9
44
12
45
755
406
289
236
237
308
1482
946
1038
780
497
498
779
1007
1020
200
135
136
511
62
71
1431
1358
1072
1297
384
385
421
1071
1041
1530
1016
862
863
672
671
1228
414
415
1402
1436
1467
1263
1354
917
1061
513
514
870
871
1162
1274
673
726
552
90
89
490
49
41
1142
959
22
3
685
924
202
363
2
37
850
747
746
1040
6
7
420
1364
313
312
328
727
616
617
826
1379
11
5
470
471
1519
991
607
540
353
352
462
804
627
628
859
858
1323
731
426
425
1305
1226
600
1157
1545
1222
116
115
1163
1286
1233
1387
1324
1321
1057
1196
1111
949
948
1089
579
1560
1251
266
267
1079
1116
464
463
918
832
367
368
770
986
642
641
1292
778
979
777
1252
1282
1327
1000
72
55
293
292
811
535
534
1281
953
350
140
223
139
745
744
1348
868
1166
605
606
285
311
286
185
184
1195
1269
647
648
914
1454
1357
112
111
1211
1549
1249
121
122
1512
1457
1554
1272
1295
872
825
1078
141
142
824
1296
840
1314
1253
698
699
841
548
549
964
279
278
1351
1350
1535
912
315
881
316
999
1579
1117
882
913
1043
1506
1517
1598
1302
1077
664
1342
1144
976
977
1349
663
608
609
861
58
59
157
158
704
424
114
113
137
453
1430
1359
1161
446
445
923
1346
486
175
176
945
1242
768
769
1420
1363
110
109
1490
262
263
955
1318
1365
1469
935
936
277
402
276
1203
1001
1352
1322
438
439
530
531
754
729
730
1418
454
455
480
479
250
249
452
637
1045
395
786
394
495
815
816
1149
1459
1500
1232
1023
974
984
973
941
942
956
1370
1445
800
801
1550
1417
1187
1186
387
386
461
508
864
781
782
1429
78
85
351
382
383
814
366
371
372
990
444
296
130
129
958
1465
989
304
305
1394
1347
375
376
954
838
1169
1044
423
712
422
789
790
50
30
75
79
799
1580
644
643
675
1008
599
598
1085
748
749
410
411
1199
1200
1393
1109
903
904
1110
1472
1586
1491
1223
896
106
105
919
1084
901
806
807
1147
710
711
1489
1121
581
465
432
636
1011
1237
1484
1438
1052
348
347
205
131
147
28
36
734
1193
1133
307
306
624
197
196
767
1433
475
474
772
560
442
443
604
1178
1558
1411
1412
1073
325
324
1204
88
81
1555
1213
1481
1095
1096
1426
429
428
405
404
1017
153
232
154
503
381
361
1050
274
273
1184
957
877
519
520
750
1260
1404
1102
1275
892
751
752
1385
573
572
559
558
1502
133
132
817
1460
1468
757
756
191
190
127
128
611
706
705
884
883
665
666
879
68
64
91
92
257
1067
518
517
567
568
687
1330
784
785
1415
1309
797
15
1
728
857
1056
1156
1019
557
284
283
217
218
1183
1552
1113
1209
1068
758
658
120
138
119
496
575
970
1392
1182
1208
1119
1241
934
933
623
622
1273
922
1227
1197
538
539
669
670
921
674
300
299
231
342
230
662
787
952
1538
1407
1406
1437
1027
1026
1390
1493
544
543
47
54
1130
565
566
183
182
228
229
1172
1105
1104
625
1032
1033
897
484
483
719
965
716
207
208
209
210
843
939
341
17
24
635
302
303
822
823
1389
1311
1310
1474
1268
1571
1432
1425
1231
1220
828
827
894
792
798
791
1035
1338
1435
619
618
1010
1577
528
529
1337
213
214
98
97
198
1132
1291
634
633
1456
851
852
713
714
390
391
272
271
321
629
134
96
95
148
301
403
1051
1070
39
10
473
472
1374
1053
1064
855
994
702
40
4
265
225
226
224
314
652
651
968
1317
1264
1479
775
776
885
886
1548
215
216
920
477
584
478
680
632
875
1397
580
52
16
246
164
163
201
80
83
620
621
928
65
60
1246
327
326
1037
1236
1367
556
995
416
346
345
451
450
449
1179
1140
736
258
259
1137
1136
975
640
93
94
720
431
695
696
430
476
978
1473
1442
909
835
836
1120
1464
1480
1578
1534
1559
53
46
1590
1492
1331
1288
1287
1511
1510
1167
491
492
1556
1567
971
972
409
169
170
233
264
1316
1018
256
574
255
1150
1463
1557
992
993
501
502
1540
1189
1118
1278
1124
1125
427
401
400
771
310
309
830
1235
880
295
294
682
1100
1135
1589
1547
1065
1012
14
34
1531
1265
738
737
1294
1496
1452
693
692
1254
1455
1054
1055
1447
1551
847
846
1542
362
193
152
151
926
1168
676
677
1221
803
761
724
723
1103
563
564
690
733
234
235
937
1212
1230
586
585
1529
356
86
77
1013
378
377
697
819
1002
831
1059
1440
615
447
448
1301
320
319
1569
1201
1202
802
494
493
1461
1312
1372
1069
242
243
722
1164
1319
1570
1565
1443
1277
1276
1576
1434
739
649
820
1090
576
260
261
1261
1416
118
117
1487
876
707
318
245
317
244
1188
1476
1410
929
930
1356
1091
388
389
708
1259
1283
1284
1143
1214
1388
1593
1400
1401
392
393
1036
537
536
1173
809
808
1366
1483
331
332
794
793
365
364
521
1514
1504
1355
703
593
1049
1599
639
525
524
1588
1334
1335
1371
1566
1546
1494
1423
1048
1047
290
291
1525
1532
1062
1063
1328
1384
1446
1507
1595
1453
1244
1245
701
700
1533
1098
1099
735
940
1293
911
910
1042
354
355
334
178
177
179
212
357
681
1190
1191
1174
1175
1368
1458
1585
630
631
1495
849
848
1448
1543
774
614
613
1138
1139
500
499
891
890
1376
1108
1022
1021
82
76
591
590
1074
1046
1266
906
905
1360
1373
569
168
983
57
70
219
220
222
167
900
1353
1600
1597
583
582
1396
1115
74
66
1076
1279
1015
1106
960
961
969
980
1344
1343
29
35
1165
1573
1539
1408
297
298
944
963
1381
42
31
485
742
741
146
145
440
441
1336
1596
1158
860
1034
1066
337
280
211
203
204
1159
160
159
1243
1564
1176
1262
186
187
419
418
467
1562
763
762
950
951
1225
1224
1101
1194
1238
194
195
1544
718
717
1594
1267
578
577
1129
1128
1497
1141
721
161
162
925
144
143
1405
1024
645
646
1025
1572
1256
1257
1508
1513
1509
1582
1581
1522
1592
966
967
1123
482
481
171
172
1205
1523
1112
867
866
650
180
181
571
19
26
126
125
1307
288
287
1003
1004
1270
1271
1488
1521
764
765
998
87
84
227
997
1518
1568
1403
1028
683
684
725
526
527
1498
1248
380
27
23
238
688
1092
1093
1298
1082
1081
1247
1501
1563
1134
1029
1030
821
655
656
1444
1151
18
8
1289
1219
61
69
399
396
397
1122
1185
