252
251
250
249
248
247
246
253
254
255
256
257
258
259
266
265
264
263
262
261
260
273
272
271
270
269
268
267
274
275
276
277
278
279
280
71
72
73
74
75
76
77
70
69
68
67
66
65
64
57
58
59
60
61
53
52
51
50
54
55
56
63
62
7
6
5
4
3
2
1
8
9
10
11
12
13
14
20
21
28
27
25
26
19
18
17
16
15
22
23
24
35
34
33
32
31
30
29
36
37
38
39
40
41
42
49
48
47
46
45
44
43
245
244
243
242
241
240
239
232
233
234
235
236
237
238
231
230
229
228
227
226
225
218
219
220
221
222
223
224
217
216
215
214
213
212
211
205
204
197
198
199
200
201
202
203
210
209
208
207
206
141
142
143
144
145
146
147
140
139
138
137
136
135
134
127
128
129
130
131
132
133
126
125
119
118
117
116
122
123
124
121
120
113
114
115
108
107
106
99
100
101
102
103
104
105
112
111
110
109
151
152
153
154
161
160
159
158
157
164
163
162
155
156
150
149
148
169
170
171
172
173
174
166
165
167
168
175
182
181
180
179
178
177
176
183
184
185
186
187
188
189
287
286
285
284
283
282
281
288
289
290
291
292
293
294
196
195
194
193
192
191
190
92
93
94
95
96
97
98
91
90
89
88
87
86
85
78
79
80
81
82
83
84
