141
142
143
144
145
146
147
140
139
138
137
136
135
134
127
128
129
130
131
132
133
126
125
124
123
122
121
120
113
114
115
116
117
118
119
112
111
110
109
108
107
106
99
100
101
102
103
104
105
203
202
201
200
199
198
197
204
205
206
207
208
209
210
211
212
213
214
215
216
217
224
223
222
221
220
219
218
231
230
229
228
227
226
225
232
233
234
235
236
237
238
245
244
243
242
241
240
239
25
26
27
28
21
20
19
18
17
16
15
22
23
24
14
13
12
11
10
9
8
1
2
3
4
5
6
7
251
252
56
55
54
53
52
51
50
246
247
248
249
250
148
149
150
151
152
153
154
161
160
159
158
157
156
155
57
253
255
254
58
59
257
256
60
61
63
62
258
259
266
265
264
263
262
261
260
64
65
66
67
68
69
70
77
76
75
74
73
72
71
78
79
80
81
82
83
84
182
181
180
179
178
177
176
169
170
171
172
173
174
175
168
167
166
165
164
163
162
267
268
269
270
271
272
273
280
279
278
277
276
275
274
281
282
283
284
285
286
287
189
188
187
186
185
184
183
190
191
192
193
194
195
196
294
293
292
291
290
289
288
98
97
96
95
94
93
92
85
86
87
88
89
90
91
49
48
47
46
45
44
43
36
37
38
39
40
41
42
35
34
33
32
31
30
29
