8.976284580131566049e-01
9.085819653988350675e-01
9.021163974408329400e-01
9.171839161118704453e-01
8.986623352658661412e-01
9.031048666576415584e-01
9.101179229098829149e-01
9.136809570797176372e-01
9.141571985546186330e-01
9.017359436872045553e-01
9.117378667564217665e-01
9.062337635138734138e-01
9.066610793756293418e-01
8.976324682403488131e-01
9.170774566327057897e-01
9.055597538503075139e-01
9.091451674988624276e-01
9.196757551106747863e-01
9.050407570278409253e-01
9.011131105573404465e-01
