8.807058410904741175e-01
8.771569459922948786e-01
8.826827015030497270e-01
8.755946459326102715e-01
8.706211449097593924e-01
8.756441218186322706e-01
8.746916128702763027e-01
8.810667127427607159e-01
8.825956087143371764e-01
8.737535260708648721e-01
8.676161386284702015e-01
8.776478087108963155e-01
8.836276756617007511e-01
8.912181382324091405e-01
8.746568744844605003e-01
8.786101793081275702e-01
8.691108412608459233e-01
8.782103498566034006e-01
8.876153542548392839e-01
8.666078382152514470e-01
