8.730173093629709502e-01
8.752679908860530045e-01
8.802544066036860348e-01
8.711594012592485115e-01
8.647034590047292246e-01
8.876793958694400022e-01
8.525559250771630460e-01
8.730784742197036374e-01
8.636719075874130791e-01
8.746685981980009128e-01
8.791725792828050112e-01
8.821293860520537100e-01
8.795335615911558103e-01
8.744718413209158214e-01
8.716221906153686083e-01
8.850677451876828306e-01
8.762631785335106560e-01
8.701243440295367559e-01
8.736370155304893359e-01
8.656296594120485022e-01
