9.036114251671436559e-01
9.006781194700794746e-01
9.096666795944369222e-01
9.057233079274796816e-01
8.975256195188631159e-01
9.195377799808006625e-01
9.042071896218877303e-01
9.096972103063002413e-01
9.031451032394650635e-01
9.091276621378456824e-01
9.005043342502261350e-01
9.045963455565129152e-01
9.095316429875918152e-01
9.081543609449802545e-01
8.976491894909031100e-01
9.126264162534505342e-01
9.076521870216881505e-01
9.116563731881187627e-01
9.121560740927380229e-01
9.047164698333226562e-01
