582
581
330
329
328
327
326
325
324
323
322
321
354
355
356
331
364
475
476
332
333
366
479
478
365
477
430
431
480
429
577
580
578
428
427
426
425
533
534
502
501
499
500
532
531
563
564
565
566
562
561
529
530
498
497
559
560
528
527
495
496
494
493
525
526
558
557
556
225
257
1
3
259
258
2
226
227
163
131
130
162
34
66
98
290
291
99
67
35
33
65
289
97
129
161
193
194
408
407
406
405
404
403
402
401
400
399
398
228
260
4
36
68
100
292
132
164
196
195
213
214
150
182
181
149
85
86
118
117
309
310
311
119
120
88
87
55
56
57
58
90
89
121
122
314
313
312
217
218
219
155
187
186
185
153
154
152
151
183
184
216
215
315
316
124
123
91
92
60
59
61
62
94
93
125
126
318
317
157
156
188
189
222
221
220
223
224
192
191
190
158
159
160
128
127
319
320
95
96
64
63
31
32
288
287
255
256
254
253
29
30
286
285
252
251
27
28
284
283
282
281
25
26
250
249
248
247
279
280
24
23
22
278
246
245
244
21
20
276
277
53
54
237
236
12
13
269
268
472
471
470
469
468
467
466
465
464
463
239
238
15
14
270
271
272
47
46
78
79
77
76
44
45
206
207
208
175
174
142
143
304
303
302
111
112
145
144
176
177
110
109
108
107
139
140
141
173
172
171
170
298
299
300
301
205
204
203
202
201
197
229
5
261
37
69
101
293
133
165
169
168
199
200
198
166
167
134
135
103
102
294
295
297
296
106
105
104
136
137
138
75
74
42
43
453
454
455
456
457
458
459
460
461
462
73
72
40
41
39
71
70
38
7
6
262
263
230
231
232
233
235
234
265
264
8
9
11
10
266
267
576
575
574
573
572
571
539
540
541
542
543
544
512
511
510
509
508
507
506
505
504
503
535
536
537
538
570
569
568
567
482
481
513
514
545
546
397
363
362
396
395
584
394
393
516
517
518
550
549
548
547
515
483
484
485
486
487
488
520
519
551
552
555
554
553
522
521
489
490
492
491
523
524
387
388
389
390
391
392
579
421
420
357
358
359
360
361
424
423
422
243
242
19
18
274
275
273
17
16
240
241
48
49
81
80
114
113
305
306
83
82
50
51
52
84
308
307
115
116
146
147
179
178
180
148
212
211
210
209
473
594
595
596
597
598
599
600
601
602
603
604
605
606
607
608
609
610
611
612
613
614
615
616
617
432
440
439
585
448
449
450
451
452
409
410
411
412
413
443
444
381
382
383
384
385
386
419
418
417
416
415
414
474
442
441
586
587
588
589
590
591
592
593
447
446
445
337
338
339
340
373
372
371
370
375
374
341
342
380
379
378
377
376
343
344
583
345
346
347
348
349
350
351
352
353
438
437
436
435
434
433
367
334
336
335
368
369
