228
164
292
132
100
68
36
4
260
408
407
406
405
404
403
402
401
400
399
398
257
225
227
226
258
259
3
194
193
161
289
129
97
65
33
1
2
34
66
162
130
98
290
35
67
131
99
291
163
195
196
462
269
270
14
13
12
11
44
45
46
47
197
198
199
200
201
202
203
174
175
143
142
141
140
139
171
172
173
108
107
75
76
78
77
109
110
303
302
301
300
299
298
297
166
167
168
170
169
137
138
106
105
104
103
102
134
135
136
296
295
294
43
42
41
40
39
71
72
73
74
70
38
6
7
8
9
10
165
293
133
101
69
37
5
261
262
230
229
204
205
206
207
208
234
233
232
231
263
264
265
266
267
268
458
459
460
457
461
455
454
453
456
48
49
50
51
83
115
114
113
81
82
79
80
112
111
304
305
306
307
147
146
178
179
177
176
144
145
209
210
211
212
213
214
181
180
116
148
149
117
309
308
86
85
84
52
53
463
464
465
466
467
468
469
470
471
472
239
240
272
271
15
16
273
17
18
274
20
19
275
276
243
242
241
235
236
237
238
512
511
510
509
508
507
506
505
504
536
537
538
539
540
541
542
543
544
576
575
574
573
572
571
570
569
568
567
563
564
565
566
502
503
535
534
532
533
501
500
361
362
363
330
329
396
397
545
546
514
513
481
482
487
486
485
484
483
550
549
548
547
515
516
517
518
519
520
552
551
488
489
490
491
522
521
553
554
278
22
21
277
281
282
26
25
24
23
279
280
283
284
249
248
247
27
28
60
59
91
92
124
123
121
122
90
89
57
58
315
314
186
185
153
154
155
187
219
218
217
312
313
216
215
183
184
152
151
118
150
182
310
311
119
120
88
87
56
55
54
285
29
30
286
287
288
31
32
64
63
95
96
128
127
159
160
320
319
318
158
126
125
93
94
62
61
317
316
156
157
189
188
220
221
224
223
222
190
191
192
256
255
254
253
252
251
250
562
561
529
530
531
499
498
497
496
527
528
560
559
495
494
493
492
523
524
525
526
558
557
556
555
328
246
244
606
607
608
609
610
611
612
613
614
615
616
617
586
587
588
589
590
591
592
593
603
604
605
602
601
600
599
598
597
596
595
594
378
377
376
343
344
345
379
375
342
369
370
371
372
373
374
341
340
339
338
337
336
335
334
367
368
331
475
364
476
366
479
478
365
477
332
333
434
356
394
426
386
427
359
382
351
384
390
419
348
448
414
424
474
579
387
581
389
353
447
321
355
418
349
347
324
444
325
322
480
449
435
410
445
582
450
409
451
416
423
354
411
245
395
421
357
415
417
412
577
583
585
438
429
350
425
360
383
437
578
326
584
441
431
430
580
388
393
385
413
352
422
323
392
436
443
380
433
452
428
420
473
346
432
391
381
358
446
439
327
442
440
