4.427755182068072171e-01
4.435022775394700245e-01
4.425341656651050615e-01
4.426578009489940957e-01
4.417197938159715398e-01
4.529583826394962265e-01
4.416783676334405384e-01
4.492553708016429614e-01
4.407406178058995705e-01
4.481543606460528517e-01
4.443655374300997662e-01
4.366821384452728161e-01
4.454927927448087965e-01
4.441912129663436737e-01
4.397990083961351715e-01
4.467866533588271682e-01
4.487500228358615173e-01
4.460196257183003943e-01
4.450169062566658451e-01
4.418169266352599545e-01
