4.388141716654688773e-01
4.464597467445067247e-01
4.471403197432297083e-01
4.374437626706867976e-01
4.420356362945849216e-01
4.471826464949461011e-01
4.481716001133173588e-01
4.398752994714173470e-01
4.362703210220379435e-01
4.491564368439835420e-01
4.465285759608237370e-01
4.480092403544537749e-01
4.502580902632775661e-01
4.385784798443610466e-01
4.433768411172100965e-01
4.416199592891266734e-01
4.464805884885130194e-01
4.463512924840297158e-01
4.468065945336479605e-01
4.415907551169697687e-01
