4.411101084774179948e-01
4.450479115671936992e-01
4.428151432509672691e-01
4.385313929412357759e-01
4.349556186640133326e-01
4.437162270473861136e-01
4.322261221156377120e-01
4.410412792611010380e-01
4.416029771273438653e-01
4.357491487691406151e-01
4.402948360590989152e-01
4.419876488222742594e-01
4.380036593985587867e-01
4.390978509588874257e-01
4.361439840305926241e-01
4.318876367546471418e-01
4.404974641258264656e-01
4.350092668569183196e-01
4.397548805060478294e-01
4.398594751843014627e-01
