4.276661543714528890e-01
4.273645923470659747e-01
4.381770832931293769e-01
4.402081241118136479e-01
4.407924648604336637e-01
4.377208806743255742e-01
4.359979631698079894e-01
4.407605589807203628e-01
4.356266713599186158e-01
4.273175054439407039e-01
4.361553054717811628e-01
4.352655431165508571e-01
4.443372338271283084e-01
4.366472735525215310e-01
4.289075246672332531e-01
4.302317473280755644e-01
4.213391412326630836e-01
4.365945259288019908e-01
4.363805764208859017e-01
4.336209751311679295e-01
