7.130664696288173676e-01
7.140352012203634580e-01
7.084679739719357272e-01
7.124348362009377267e-01
7.094060602758757161e-01
7.269232471746747137e-01
7.233854189721570238e-01
7.086518456975718916e-01
7.102828560046035022e-01
7.261077420211587974e-01
7.194798473183670051e-01
7.149119969490913551e-01
7.088050721356020656e-01
7.187256327400632916e-01
7.112822328837555830e-01
7.075298876679958493e-01
7.233547736845510334e-01
7.185417610144271272e-01
7.141271370831815402e-01
7.169107507073954055e-01
