7.195104926059731065e-01
7.085905551223597998e-01
7.223247515177930733e-01
7.149119969490913551e-01
7.076218235308138205e-01
7.222941062301869719e-01
7.058069414981459344e-01
7.159113738282433248e-01
7.216011822270952392e-01
7.160339549786675084e-01
7.260158061583408262e-01
7.206018053479431584e-01
7.141271370831815402e-01
7.159420191158494262e-01
7.188788591780934656e-01
7.095286414262997887e-01
7.121896739000895815e-01
7.159113738282433248e-01
7.057456509229338426e-01
7.195104926059731065e-01
