7.103135012922097147e-01
7.149426422366973455e-01
7.122203191876955719e-01
7.188175686028813738e-01
7.138513294947272936e-01
7.141577823707876416e-01
7.143416540964236949e-01
7.143416540964236949e-01
7.160952455538796002e-01
7.234467095473691156e-01
7.085905551223597998e-01
7.179407728741533656e-01
7.244154411389150949e-01
7.170946224330314589e-01
7.234160642597631252e-01
7.148507063738793743e-01
7.103441465798157051e-01
7.188175686028813738e-01
7.169720412826074973e-01
7.174810935600630657e-01
