7.143416540964236949e-01
7.299213778121307339e-01
7.140964917955754387e-01
7.179101275865473752e-01
7.166655884065471493e-01
7.115886857598159310e-01
7.132809866420596334e-01
7.122203191876955719e-01
7.066530919392678411e-01
7.104973730178457680e-01
7.270764736127048877e-01
7.177262558609112109e-01
7.243235052760970127e-01
7.158194379654252426e-01
7.185111157268211368e-01
7.224166873806110445e-01
7.179101275865473752e-01
7.139739106451513662e-01
7.280452052042507560e-01
7.196943643316092709e-01
