8.550910919861405279e-01
8.486643567676315225e-01
8.380881859841287085e-01
8.282105733765507960e-01
8.307812674639544204e-01
8.496563093774449626e-01
8.329467978093215708e-01
8.400720912037554777e-01
8.460936626802280092e-01
8.259332737230355992e-01
8.473790097239297658e-01
8.246479266793338425e-01
8.540991393763273098e-01
8.419442271152342006e-01
8.279171789426622574e-01
8.416508326813456620e-01
8.276237845087739409e-01
8.470856152900414493e-01
8.243545322454454150e-01
8.362160500726500967e-01
