8.563764390298423956e-01
8.646753101598301239e-01
8.659606572035318806e-01
8.499497038113333902e-01
8.294959204202525527e-01
8.396669274617190037e-01
8.525203978987370146e-01
8.439281323348608588e-01
8.521152341567006516e-01
8.419442271152342006e-01
8.460936626802280092e-01
8.467922208561529107e-01
8.406588800715324439e-01
8.400720912037554777e-01
8.365094445065385242e-01
8.336453559852464723e-01
8.451017100704146801e-01
8.352240974628366565e-01
8.323600089415446046e-01
8.426427852911591021e-01
