8.361042807645020503e-01
8.365094445065385242e-01
8.358108863306136227e-01
8.176344025930479820e-01
8.362160500726500967e-01
8.486643567676315225e-01
7.954901084162289138e-01
8.256398792891472826e-01
8.166424499832345418e-01
8.259332737230355992e-01
8.309628925896948015e-01
8.358108863306136227e-01
8.262266681569241378e-01
8.466804515480048643e-01
8.089303677210237797e-01
8.441097574606013509e-01
8.268134570247009929e-01
8.515284452889236855e-01
8.502430982452218178e-01
8.409522745054207604e-01
