8.451017100704146801e-01
8.556778808539174941e-01
8.352240974628366565e-01
8.566698334637308232e-01
8.470856152900414493e-01
8.515284452889236855e-01
8.476724041578183044e-01
8.393735330278305762e-01
8.502430982452218178e-01
8.370962333743153794e-01
8.566698334637308232e-01
8.368028389404269518e-01
8.243545322454454150e-01
8.553844864200290665e-01
8.336453559852464723e-01
8.486643567676315225e-01
8.512350508550352579e-01
8.393735330278305762e-01
8.396669274617190037e-01
8.458002682463395816e-01
