9.739999999999999769e-01
9.749999999999999778e-01
9.769999999999999796e-01
9.749999999999999778e-01
9.739999999999999769e-01
9.729999999999999760e-01
9.749999999999999778e-01
9.739999999999999769e-01
9.699999999999999734e-01
9.749999999999999778e-01
9.739999999999999769e-01
9.789999999999999813e-01
9.739999999999999769e-01
9.729999999999999760e-01
9.749999999999999778e-01
9.749999999999999778e-01
9.729999999999999760e-01
9.759999999999999787e-01
9.689999999999999725e-01
9.739999999999999769e-01
