9.709999999999999742e-01
9.759999999999999787e-01
9.719999999999999751e-01
9.799999999999999822e-01
9.709999999999999742e-01
9.749999999999999778e-01
9.729999999999999760e-01
9.689999999999999725e-01
9.749999999999999778e-01
9.669999999999999707e-01
9.709999999999999742e-01
9.679999999999999716e-01
9.719999999999999751e-01
9.759999999999999787e-01
9.749999999999999778e-01
9.729999999999999760e-01
9.749999999999999778e-01
9.689999999999999725e-01
9.729999999999999760e-01
9.759999999999999787e-01
