1820
1411
1412
1422
1421
1420
1001
1338
1836
1835
828
829
1774
1464
1996
1995
1666
1665
1646
1678
1679
1275
1764
1216
912
821
983
633
316
254
253
737
632
604
1217
1470
1419
975
1953
1912
1438
1865
1866
1985
1328
1329
1741
1900
1433
1434
1341
1041
1450
822
823
947
970
965
853
1200
1451
1251
724
436
202
203
289
318
298
321
238
479
713
1103
1190
748
894
1240
1474
964
762
627
743
101
102
786
237
236
757
1269
1815
1029
1559
1169
1168
1597
1495
686
685
302
301
622
621
478
1722
1471
831
830
976
977
1547
451
452
1884
1244
913
1373
1179
1375
1581
1683
579
578
788
1294
1714
1868
1430
1916
1781
1101
1516
1232
1261
1325
1326
1324
1129
1585
1496
652
393
392
1063
1677
1097
1098
1074
753
754
1668
1151
315
314
1489
1777
1551
1550
1867
624
625
1199
421
420
564
1292
1719
1501
916
1206
1491
1128
1593
1297
541
540
1268
855
1561
1399
1838
1316
1317
1287
655
1070
335
334
1497
1584
532
444
611
785
934
1462
1956
1832
1957
1698
1699
1047
1048
1629
1804
665
667
666
1256
1257
1226
546
448
1897
1592
1152
1153
1987
846
969
968
593
1923
1442
1842
1895
991
848
634
1648
1649
1708
777
778
1004
1757
1095
1096
610
1563
1498
1284
1600
750
385
284
731
1466
414
214
241
1178
1119
317
1712
1924
1330
1724
1526
1054
1803
1802
1930
1762
1974
1975
1955
1968
1967
1831
993
1817
1018
857
1877
1613
1493
721
720
768
769
781
1533
1949
1859
1860
1157
700
939
1351
1409
1242
1599
1889
1695
1694
1426
364
363
804
1806
1693
1731
1732
1627
1628
1906
1862
1958
358
359
1361
920
919
1379
1664
995
996
1389
1388
1661
1662
697
791
555
556
1874
1782
1639
1595
832
833
1845
1870
1753
1727
1728
1194
879
259
260
1543
1010
1011
756
714
1099
1455
1477
368
367
1763
1979
900
1064
1241
648
790
1709
1523
1524
795
626
1436
1086
1262
1382
1892
1492
798
799
1072
565
612
613
1026
336
389
1750
511
439
219
59
60
192
193
271
270
158
34
9
8
7
97
149
89
125
79
57
49
95
290
62
914
1720
1286
1295
1873
1198
1686
1248
1247
1827
1826
885
886
1940
1851
1509
1510
1156
1223
274
275
1494
670
671
688
1404
1467
535
534
586
529
412
1522
1738
1115
664
1077
859
860
1021
1020
1938
870
871
1776
1989
1105
1104
868
867
1829
898
899
1417
1440
1439
910
909
1342
1396
1397
1239
1819
1993
1908
1652
727
549
366
365
572
571
425
426
698
1578
1023
988
987
850
849
1113
718
1517
1278
608
1359
986
1367
1059
1410
990
418
726
600
360
361
903
569
243
244
1069
1999
917
257
258
247
246
472
661
536
1022
704
703
1557
1162
1107
1387
1405
889
943
1982
1650
1651
1378
1053
869
1302
1549
1911
1876
1208
827
1792
1321
1322
1469
1468
1689
1688
1879
1504
1723
1233
1149
1758
758
1843
1577
1486
1583
1088
1087
1437
923
585
293
292
1061
1212
1608
1274
194
195
594
576
154
153
1586
1609
539
440
657
55
25
24
30
61
281
493
419
306
137
155
128
127
169
168
190
467
222
223
307
346
908
460
749
601
1574
1337
1336
728
1085
895
548
483
111
234
1079
1225
638
1309
398
518
1658
878
1706
695
696
967
430
429
431
441
437
1254
805
1049
888
1545
773
772
1332
658
709
780
1214
834
699
197
323
312
311
376
470
1148
874
1797
1165
1164
1259
1091
1092
1066
1065
1124
1319
1768
1138
1372
1415
1416
1391
99
98
297
510
119
120
362
858
1182
1181
741
285
1209
1612
1611
1235
1236
1852
1791
1790
1562
760
761
341
342
1078
1929
1260
1270
1263
1126
1125
1566
1565
1715
1939
1936
1167
1166
1229
1137
1136
764
928
187
198
951
950
596
954
1841
1808
1224
708
1339
1340
581
582
862
1959
1252
1227
1730
801
802
1116
606
607
997
1624
1795
230
225
224
229
538
228
380
774
587
287
656
1887
884
897
1994
1701
865
1784
958
959
1349
1174
1173
1716
1365
1366
1737
1705
1849
1850
1742
1913
1243
825
824
1883
1503
1816
1898
1170
723
1837
1881
1346
1345
1354
1134
1037
1861
1197
1922
1951
1713
962
1133
1554
1620
1619
1358
1161
1160
1528
1482
1882
1508
1875
1752
1473
678
679
675
1213
1300
779
1429
599
387
386
835
1005
446
447
1428
1228
1971
1954
1696
1017
1016
662
663
1657
496
495
1071
1487
1039
1966
1822
1773
635
356
355
463
462
1844
1812
1813
653
1407
1736
1588
1910
818
957
1301
1788
880
684
619
620
400
401
1185
121
122
461
1926
1505
1521
904
1320
1203
929
1146
712
651
147
148
484
1002
1191
1553
1907
588
1364
1529
1499
978
1490
1112
1500
1607
1210
1035
1374
1636
502
776
597
598
1350
445
394
395
1192
782
557
328
106
218
422
184
183
141
140
499
233
188
299
213
177
176
369
746
523
614
1121
1122
1700
877
1807
1303
1537
1177
905
803
955
1073
487
941
940
1400
1925
1582
702
563
1779
1246
186
185
926
927
770
353
1353
1006
574
520
497
265
1393
1127
1291
816
1363
552
521
1008
881
249
465
590
575
1143
747
485
72
191
235
458
527
473
492
543
303
217
142
88
477
276
375
123
126
261
577
961
506
221
1780
866
1786
1894
1459
1759
1271
1697
1234
1333
1481
1978
1485
1183
1184
1961
1684
1540
1937
1535
553
1814
1102
313
815
476
1009
1425
1933
1717
949
1118
1163
1948
1548
1130
580
1150
1443
1362
609
566
707
500
775
1195
1306
1033
1787
1594
771
309
1147
1055
489
971
205
755
693
423
471
474
554
239
377
286
211
294
204
151
65
56
31
68
53
54
20
21
26
105
96
69
71
131
114
80
81
200
124
329
242
145
115
404
680
399
542
681
1863
861
1249
826
1142
1424
343
1264
135
475
160
159
668
1453
547
337
351
567
605
1030
1541
1100
1905
891
890
1772
1207
514
883
212
327
992
839
1681
1710
1625
1626
1943
1888
1215
1983
1984
1610
1833
1305
1575
1576
1447
1448
1771
1909
1175
732
692
691
765
766
1458
616
615
1398
1729
644
643
1704
763
1132
1131
1735
1734
1444
984
985
1746
1745
1475
505
166
73
46
109
35
12
13
110
642
751
701
1488
150
112
43
44
742
1281
1266
820
819
1406
1970
1293
840
841
1621
1238
875
876
989
1538
1506
887
1395
784
783
1969
1569
817
1821
1532
1527
740
480
481
1614
1056
1176
1014
1869
1711
911
1591
796
797
1139
1335
1050
570
519
1671
1932
1931
1935
592
591
1245
1511
1279
1201
1202
1598
1890
1818
1622
1623
1854
1036
537
415
1060
1988
1981
935
544
1081
1376
1901
1441
836
232
1120
1276
1743
1726
960
1218
1015
1830
706
1546
1904
344
345
1721
1647
1220
1778
1534
999
1000
1084
1083
1747
1062
1237
628
1310
459
677
1456
1457
1640
630
694
1403
1637
1452
847
352
283
282
925
464
672
717
561
560
1432
953
952
674
603
602
382
291
432
787
1135
767
979
1446
931
837
660
340
339
629
263
144
143
330
240
524
901
490
491
526
486
450
269
226
100
86
87
156
250
172
173
320
319
498
509
980
589
1355
1331
1394
1952
1046
752
573
1290
1864
1751
1106
1435
515
516
1283
1414
1570
1188
1082
1483
1484
1927
1915
1880
1770
1769
882
845
844
1635
1479
1315
1478
1383
1384
551
550
811
1848
1990
1370
705
1555
374
373
793
1552
1645
215
216
1725
507
508
759
937
936
457
456
687
1230
938
1068
1917
1158
1976
1568
994
838
725
1193
1846
402
403
1076
513
512
729
730
1744
1669
896
1019
945
842
843
1634
1390
948
305
304
636
525
972
2000
744
924
682
1110
255
165
83
82
348
1334
813
1067
789
738
410
411
1558
669
1007
405
267
268
466
1756
1058
1057
872
873
852
1180
1572
1571
1977
863
864
1902
1685
716
715
1273
1272
1767
1672
1673
1630
1663
1108
1109
1531
1530
1408
921
922
1539
501
199
530
637
1514
1601
433
434
1368
974
973
1855
1343
1344
1810
1992
1991
1255
851
1775
1512
1513
649
1327
645
208
209
325
326
408
372
1204
654
647
646
397
396
1318
1003
517
1542
1739
1740
1856
1221
1222
1567
966
482
650
266
201
51
4
3
1
2
5
6
134
210
659
1031
1267
1045
1282
1352
157
409
854
1299
1896
438
1507
1670
1998
1858
1754
1755
1847
1603
1604
1891
1573
1371
963
1211
384
383
1824
1823
442
443
1520
1702
1642
349
136
296
814
792
1986
91
92
1461
278
279
1027
1028
1080
1839
1690
1947
1946
1659
1660
1789
1878
1853
1963
1285
1298
1094
1093
1809
1691
1692
623
618
617
812
1580
1579
1950
1760
1357
1356
1944
1903
1413
1402
1171
1172
1348
1518
1519
1676
1590
1589
1616
1040
1038
1141
1140
1265
1431
807
1454
1785
942
1025
1024
1605
1606
1997
1965
1964
181
182
794
1090
1253
1653
1857
1304
1632
1633
1885
1886
1643
1644
1920
1560
800
1945
1323
1973
1972
161
162
1381
1380
1899
1834
1798
1799
1680
1465
982
981
1307
1308
1377
167
85
84
189
413
1564
469
468
1114
1401
350
180
179
806
435
1761
1449
1515
1111
1556
856
116
117
1231
531
104
322
371
370
808
733
734
1385
915
347
64
63
152
357
406
163
256
138
103
94
77
78
196
1476
1602
1811
1674
1525
1159
1117
1749
1748
1718
1089
1960
1893
893
892
1423
1766
1765
1682
1783
1258
1828
1801
1800
1919
1918
1617
1618
558
559
722
1314
1012
1144
1145
583
584
719
673
1277
1250
1360
1347
1392
333
332
1075
1796
933
932
1794
1793
1587
1980
1154
1155
1189
810
809
207
206
1044
1840
1733
690
689
1187
1186
1615
1703
170
171
545
1313
1914
1034
381
1296
1123
1805
562
1675
388
174
175
1032
739
1463
711
918
1596
1013
488
631
178
139
36
14
15
32
52
264
735
354
736
288
67
66
310
300
107
93
27
28
33
29
39
42
19
18
70
113
90
1654
1502
902
407
1205
745
1312
1544
1707
1825
1941
998
710
1043
272
273
568
40
41
231
449
130
129
262
944
227
245
295
277
132
133
331
1369
1288
1962
1638
1445
1942
1427
1196
1386
946
1418
930
528
324
416
417
390
391
595
453
308
494
58
108
220
252
251
641
1042
1921
1655
1656
1641
1219
522
427
428
676
533
1311
956
164
50
17
16
45
76
38
37
47
48
10
11
22
23
118
338
280
146
248
424
1472
1289
1280
1934
1536
504
503
74
75
683
1480
1631
378
379
1928
1872
1871
1051
1052
1460
907
906
455
454
639
640
1687
1667
