181
182
1798
906
80
1949
1296
1661
1590
1707
1667
1914
1799
391
721
252
1859
384
1172
1613
1380
902
781
385
1211
1899
1860
768
309
1163
1710
1825
1114
1371
1145
1134
523
700
81
138
64
94
96
949
1289
407
584
77
1563
631
74
1118
982
371
1154
52
1934
640
1284
767
1280
22
1845
1476
256
206
1040
1362
1333
399
288
946
1800
1205
1171
1958
1400
1559
1157
1923
1533
583
494
286
328
1654
1599
1043
1973
200
1401
1042
722
857
590
54
123
1620
1644
1749
1029
242
1025
1712
610
1598
71
1766
1392
996
207
1310
1638
1616
1015
1465
179
103
416
178
1817
261
504
1762
31
72
56
191
217
88
65
477
303
26
1674
164
1602
1412
1905
114
719
810
350
707
1090
1075
915
251
533
377
1434
1427
188
1807
1933
558
559
1342
1909
1703
184
1502
1317
852
330
1218
1481
1283
39
1918
1201
1985
435
939
1682
1556
566
1803
826
920
1345
725
1828
1801
1594
1729
115
230
1445
414
177
1779
723
993
1961
487
276
126
375
497
794
933
1277
1170
189
856
962
1130
1393
1006
1409
1696
359
1695
1895
1004
1143
995
863
1005
1383
68
204
1974
453
501
580
1641
23
771
1697
1054
866
620
1231
1141
1753
733
2000
1183
540
1894
1353
461
1358
463
462
593
635
1246
329
1943
744
1919
66
1702
1480
1634
241
214
1837
1718
1618
442
443
1636
568
1361
131
1527
1568
1898
1459
299
521
1986
598
597
1470
789
515
1386
1466
1423
1181
1384
1968
284
1526
1724
203
736
1760
489
1975
510
1435
557
1537
445
506
1838
814
304
1264
621
265
1351
763
140
1073
1204
1301
379
1279
1449
349
1399
1258
1350
239
1426
563
543
1736
818
922
224
1228
1428
1327
901
1438
546
1833
91
1582
1501
1162
1713
851
1775
1920
778
777
1474
1584
855
1082
1202
832
1642
118
1425
1303
1748
609
734
143
1522
1467
491
560
1224
1744
1842
731
960
1988
324
539
1174
1349
93
839
1648
84
85
167
900
471
1387
1521
1823
1593
1009
1089
73
110
13
38
76
37
47
113
50
45
70
1786
715
1312
730
693
893
502
424
927
356
148
1503
1002
1596
512
1530
968
1960
1907
408
269
226
1871
1046
1679
1341
1041
505
150
245
858
133
132
331
227
277
894
726
1132
436
1433
532
382
100
1299
144
645
716
1623
338
1055
1142
221
1785
1897
809
282
1686
394
685
478
457
1024
1334
1266
928
1136
405
1564
1745
681
897
380
526
573
1406
1939
208
1416
1292
1912
838
411
410
1156
1510
1881
1804
1475
1035
937
801
1535
776
395
524
1966
1890
1771
617
231
1462
1219
991
848
1250
1747
945
791
1320
1070
917
246
102
335
334
703
147
728
376
1647
1084
1103
459
190
169
884
1226
1772
802
1917
450
1168
1757
1101
1693
1889
1924
684
1856
315
830
932
658
418
1166
1457
865
228
1832
969
536
1071
484
770
662
663
1694
427
1684
666
667
302
301
686
864
1735
875
1784
1148
936
1528
305
1407
1806
1376
1922
464
1034
890
1203
1795
1369
1439
1440
244
1382
1113
1410
1059
671
674
747
279
1027
1469
415
537
86
1783
1104
1191
1719
1553
732
1485
232
525
527
1756
1458
404
1937
904
1849
368
914
601
514
1147
273
362
119
120
1657
1863
513
1304
1543
569
603
1236
264
1956
444
1336
1484
1880
1200
1138
229
585
82
255
456
1003
883
718
1287
679
1561
1482
240
1692
1653
1763
696
1243
1300
779
1429
1106
1722
762
1010
272
236
1886
975
372
974
1079
1512
1721
346
756
1028
325
1275
1926
860
509
1981
827
944
1506
740
90
146
280
650
1248
1099
1500
1112
1019
1726
705
215
1888
1108
112
43
12
1794
1176
403
786
1887
1404
874
1093
1950
798
1701
1455
1529
588
1699
1734
1788
1743
1705
823
970
694
339
845
1448
934
1140
1541
1340
688
1483
1791
742
1901
643
644
822
1087
820
831
1039
916
1206
420
421
1844
496
495
1990
258
788
257
247
1768
1232
1330
198
402
1067
572
1633
1754
1567
1715
449
129
130
713
1595
1270
606
1604
739
1290
1036
898
899
1217
632
318
604
1714
561
1007
311
1758
136
817
1821
985
1335
799
816
774
1214
4
5
6
266
743
965
1819
1190
1014
1615
1328
1611
1066
517
1365
1139
1621
556
760
669
1534
1938
870
871
1110
1904
1344
709
979
1478
1431
1931
1666
1464
1836
360
565
951
270
271
175
174
1262
708
187
168
519
1764
1216
195
1560
1668
646
1297
1490
758
1240
1065
1098
717
1812
1813
859
1737
1586
127
912
1430
1272
1127
751
35
166
989
1969
1815
594
925
1222
1646
761
1338
1094
1957
1074
1883
824
661
570
153
1315
1580
1116
419
278
254
1230
1868
753
1437
887
1963
841
1115
1847
854
1876
433
434
1739
1058
1252
374
1370
1816
1403
544
1471
1479
1146
1891
1486
591
1245
498
737
1932
99
98
297
1867
1658
1814
1378
101
1375
154
784
783
587
625
1808
470
1413
656
1996
1367
1688
345
1538
977
1850
1499
1670
754
1050
481
480
1709
1405
780
1504
1632
1244
293
429
1420
1319
618
1323
1241
938
1194
157
30
55
51
25
24
285
222
1282
1995
1129
773
638
1935
1259
548
440
1061
1843
1583
482
1318
1077
259
1352
396
1325
1911
624
1209
878
1088
1551
1550
1683
1274
1879
836
1741
800
1689
581
1331
1441
1549
592
398
1577
1302
128
954
652
1309
862
1092
89
62
193
192
95
57
79
49
234
749
60
59
149
913
439
219
664
976
1286
943
306
111
511
125
879
260
1045
1355
911
1873
1233
460
908
262
1777
869
1651
608
1324
582
1841
1609
389
7
8
9
1295
657
1452
889
467
1496
1671
307
596
1408
1665
1959
811
336
1031
438
134
659
518
1742
1650
980
1848
1608
1612
451
452
1884
1247
1149
1091
1269
201
895
765
1723
1892
983
633
290
600
1517
1199
1056
834
1049
888
840
1293
1750
1124
1614
1507
576
1053
1542
479
1639
393
1198
1212
312
483
1993
849
1711
796
1789
607
1097
1706
1390
1716
672
847
352
695
623
292
194
281
155
61
137
197
967
1776
1326
772
1281
1854
850
1940
1332
1947
1373
876
1601
1704
1120
670
1494
1086
1026
1591
564
647
757
237
248
1421
1523
1547
1989
1444
701
812
1691
735
1946
1022
1979
1578
698
909
1746
676
1672
1852
1698
1913
1545
1579
755
1395
1255
1896
409
1797
828
1826
821
687
1997
373
793
1555
1414
1637
752
1581
873
691
1102
1773
766
622
1953
1752
579
578
472
1622
1769
1782
348
611
1869
1072
287
1298
327
1857
571
790
1720
283
1321
1945
1085
121
1372
1278
741
1574
1083
931
344
648
423
1076
1060
1057
872
1835
868
1359
388
1339
612
535
253
1080
392
1585
1001
430
323
223
437
1261
1109
1740
1774
1068
298
649
1810
1069
1337
1603
1673
1415
1366
1663
1131
1238
551
550
1678
1451
973
1276
1606
428
1207
813
441
807
1516
1208
1394
1730
1513
1915
1267
1254
1659
1660
896
797
1874
553
1062
759
692
1508
935
1725
1855
1509
882
326
397
1032
1023
885
886
1468
1322
1851
1268
782
1081
804
990
992
1627
1417
829
156
87
1755
1137
321
613
1982
1225
1902
1571
1540
1454
986
361
275
274
34
97
158
637
1167
425
426
431
493
1690
1853
1182
1249
1461
1285
1792
959
538
1265
627
1531
466
654
1063
660
1497
704
712
825
1078
1818
881
1180
1977
1273
1569
923
805
1488
651
1294
837
1188
1927
212
1220
1020
1965
508
1532
1364
724
589
316
1597
636
1767
1151
682
1839
289
1999
1175
655
210
267
268
199
1491
1916
1952
1903
1575
1576
966
642
507
1790
296
1030
1514
1524
1235
1635
843
1227
665
1998
1858
1539
924
1624
1229
1033
971
978
984
541
340
378
844
1165
1164
1649
1780
972
216
1398
1872
1193
947
1442
1000
1882
1450
1251
1809
1536
1011
1944
1629
1864
476
1861
1685
313
263
956
711
1489
1346
1487
1473
958
1263
1793
1391
1105
1186
1187
1829
903
243
1021
1492
319
626
586
529
412
534
1368
1570
819
764
1970
172
173
921
530
1558
291
1565
1732
964
1669
1878
1463
785
948
1991
1983
729
413
1239
1185
1700
235
225
1796
1552
3
2
1
1160
205
1100
615
616
1708
522
997
950
699
1179
842
1866
1630
891
1619
176
1419
877
1210
1954
1588
1572
1453
905
1885
1846
1271
238
448
918
1677
1221
680
367
1347
1288
1733
1964
490
988
987
1446
1422
1128
122
1343
1447
1827
1169
1840
1064
354
531
1928
1566
547
337
1875
1967
1477
320
1656
815
386
1971
629
387
1213
675
653
678
835
1374
1017
1628
1377
213
961
458
697
165
83
1573
910
1411
1645
1173
1787
1505
929
1994
1012
1617
1546
492
473
1820
1731
999
1865
1655
67
1177
365
366
341
342
1456
795
1215
211
1257
1256
575
619
401
400
1305
748
555
1936
1738
994
1962
1544
42
19
1862
1013
1192
605
249
294
853
738
1951
1781
353
1984
1631
1778
1640
1135
787
1161
846
1751
1153
1992
1906
880
1811
1900
1291
1607
1976
1223
250
952
567
1008
1197
668
446
447
1016
1047
1048
44
746
955
1052
706
486
310
1396
343
355
314
1107
1316
209
998
351
867
941
940
1329
892
117
1306
1360
332
333
1260
727
549
673
942
474
1158
1397
690
1495
1822
1831
1805
485
714
1765
1980
634
186
185
1870
1770
1948
1824
1511
808
1117
233
1802
803
1314
1436
1626
1625
1554
1242
41
40
1122
1610
1652
1830
1363
1727
53
1119
317
363
683
503
20
602
1125
141
1548
1095
1910
1925
465
151
554
1557
574
599
1460
1196
196
1356
1515
930
1520
1908
46
109
48
16
17
10
11
32
1681
926
577
475
135
861
1893
750
295
300
1930
1354
488
1605
1051
499
792
1126
1643
552
710
357
1178
1150
202
1311
1921
1664
145
1424
1184
628
1942
689
1152
1385
1759
1941
528
142
422
1159
702
369
108
170
919
1133
833
432
953
92
1562
1418
1379
1877
1237
1518
1472
364
1195
21
1018
75
806
1498
630
381
1402
775
614
595
1443
417
1987
29
18
27
28
152
1253
163
1929
500
1728
1044
63
1388
1234
641
14
358
520
116
107
516
542
1834
1037
1096
308
15
1121
1600
981
1717
907
957
159
160
1308
69
124
1592
218
106
183
33
139
1038
1348
769
468
1761
1307
1955
1587
1687
1675
406
370
677
1189
1123
1111
1519
58
1978
322
545
1313
1432
36
745
171
220
105
347
1155
1972
390
180
1525
1357
104
469
78
963
1662
720
1493
1680
455
454
162
562
1381
1389
1144
1676
383
639
1589
161
