8.813099792677452360e-01
8.787353680865768180e-01
8.748990104088743003e-01
8.883290230192147918e-01
8.819832432085836782e-01
8.768764115388177904e-01
8.833511445486994518e-01
8.915229301586623523e-01
8.774957074970969328e-01
8.819513611330782599e-01
8.793981234103489530e-01
8.909141428174494060e-01
8.877629825948804010e-01
8.742902230676611319e-01
8.806903270851590415e-01
8.755726305740197946e-01
8.729976631685439914e-01
8.954661551285613141e-01
8.672610269234332092e-01
8.717583588033713804e-01
