8.627093708366284641e-01
8.870799224855907550e-01
8.774424519631521813e-01
8.774428081874593444e-01
8.717051032694266288e-01
8.774529605802181553e-01
8.717482064106125694e-01
8.793763937276024567e-01
8.569176979360363378e-01
8.709670065046559717e-01
8.653049992519290523e-01
8.716945946523607658e-01
8.781157159039902904e-01
8.774754027115793109e-01
8.703697964534307108e-01
8.768010700978192684e-01
8.755726305740197946e-01
8.582109702837683596e-01
8.762357421220995368e-01
8.678361510676043666e-01
