8.755729867983272907e-01
8.729657810930386841e-01
8.755631906298758649e-01
8.825920305497967355e-01
8.768546818560711831e-01
8.762140124393529295e-01
8.852412707233490163e-01
8.768659029217518164e-01
8.845256160899395148e-01
8.820154815083962596e-01
8.839161163001119093e-01
8.787781150034554845e-01
8.761922827566061001e-01
8.954451378944294770e-01
8.679437308084154701e-01
8.774424519631521813e-01
8.646313790867832250e-01
8.588950990659799389e-01
8.941949686878835069e-01
8.845151074728735408e-01
