8.711180456109601788e-01
8.864063023204450387e-01
8.735423301344389380e-01
8.774638254215914035e-01
8.723675023688917118e-01
8.832877366219962223e-01
8.813425737918654246e-01
8.716935259794387214e-01
8.755193750400752650e-01
8.743021565819565355e-01
8.793872585689757049e-01
8.774953512727894367e-01
8.755193750400752650e-01
8.717369853449319361e-01
8.736926567921288189e-01
8.781265807453636496e-01
8.690982537884455184e-01
8.754976453573285466e-01
8.665558809070895707e-01
8.851354721040745055e-01
