295
1088
749
1030
648
1292
1360
316
929
1227
114
618
1024
467
915
511
256
1205
1122
1206
1408
1263
303
1420
854
1372
39
25
606
1208
1303
1103
123
1262
970
1475
1312
1495
1297
66
626
633
60
901
97
508
1064
1229
1321
196
399
1320
1
592
1280
407
223
444
822
1326
1386
649
609
213
385
696
1378
1066
687
277
1333
267
828
582
1141
254
311
562
1127
1496
629
93
1394
293
104
35
957
129
141
1171
1276
240
681
781
119
360
1445
81
782
34
503
647
1042
1192
767
850
945
731
614
807
95
776
504
242
164
1134
892
733
1418
581
709
1119
127
1461
962
1363
567
7
494
660
931
1432
370
172
201
1169
536
340
593
1216
569
292
113
1001
816
1144
1151
1248
366
144
1401
799
1489
1245
1453
459
108
147
326
272
1242
167
1463
1387
1391
1136
156
979
684
315
1124
677
1433
955
42
840
330
209
80
88
1388
188
322
1357
1403
273
540
1108
51
703
990
1485
1065
221
1079
944
87
554
1148
1067
1379
640
1466
1041
620
1239
989
825
949
732
160
238
1198
1302
1358
1291
298
1267
126
37
723
285
1448
1344
814
875
1045
975
856
981
225
659
639
23
984
44
1465
878
271
1189
516
1035
686
579
286
173
153
487
829
842
1037
266
1330
1470
324
83
817
443
203
115
852
1115
954
544
771
1370
16
1008
376
558
1455
483
861
605
1335
1238
991
519
1080
229
1274
868
1194
845
1240
1488
1054
735
1201
27
263
739
302
796
309
1087
813
512
1257
872
1100
86
1362
281
278
855
969
724
939
1018
926
916
960
518
1383
495
986
262
946
71
1010
343
775
1371
54
250
871
193
1111
1210
683
902
333
550
1055
300
432
1106
645
615
685
1306
1063
669
352
232
1373
1222
253
269
261
431
866
763
1308
1473
1256
1212
1293
105
671
583
754
909
76
1176
811
1494
468
1051
699
654
1310
769
844
1053
100
1154
1384
117
1200
33
1046
1314
428
1449
103
191
616
619
1392
55
1419
1359
57
1157
1025
751
1264
545
307
745
1265
1241
1101
449
152
1029
409
1380
220
1185
1114
442
1305
646
762
496
1395
801
1332
14
491
1440
777
1254
1195
1013
170
1036
885
1214
985
1196
1279
673
1499
574
921
1275
1228
914
1215
1097
72
1315
140
826
810
932
78
233
531
5
812
959
546
747
783
1269
1456
216
107
1444
106
169
204
447
8
738
1068
766
698
559
1366
719
461
533
1480
257
1296
1476
600
125
260
857
374
138
786
1005
405
1082
964
53
48
585
1436
415
716
1484
40
1377
234
1441
726
434
1328
259
778
400
205
795
998
475
967
1164
1188
890
1375
116
1234
610
287
283
988
226
1140
851
397
151
458
372
336
1421
111
734
707
472
133
184
695
228
200
865
328
972
246
237
11
1069
1300
1270
211
942
1102
1412
1019
192
899
1450
1382
1459
572
1410
479
827
956
886
576
797
578
1298
1244
1130
785
145
938
1368
517
667
430
1232
881
748
665
1117
790
937
832
1311
1167
1272
839
334
1162
721
597
1487
327
573
1313
235
632
1098
658
818
1109
1323
284
682
1429
1107
1126
1260
1325
919
476
24
46
882
1425
678
1219
908
49
830
202
492
282
4
568
887
628
206
329
1090
478
595
928
47
102
453
705
175
900
809
722
978
804
401
439
388
1407
1000
41
823
1092
869
89
110
1047
1492
952
356
30
708
611
373
353
1091
1355
1031
884
575
348
390
1327
486
1147
1493
361
68
906
847
1404
691
96
1014
289
142
1223
631
784
1462
772
1322
489
1099
663
308
756
1187
903
843
252
560
94
1398
363
1007
1483
416
953
75
122
1070
870
1390
1230
1250
1146
977
1121
737
43
305
897
275
883
502
411
369
547
622
1447
130
31
506
136
925
1004
715
454
91
1129
473
693
338
757
596
195
1224
679
3
79
162
1143
438
155
464
834
1016
1204
688
566
791
1150
166
1058
836
668
974
139
1469
1174
561
1417
787
603
1135
354
1289
9
394
375
99
384
1093
1443
1233
294
1286
940
1105
992
1163
381
627
243
982
466
1277
347
930
530
485
571
895
321
1329
131
189
966
426
490
1095
1422
341
514
412
402
19
534
838
539
15
1416
523
389
452
948
510
1183
805
1175
456
1049
532
1161
6
183
1353
635
997
323
1062
264
231
662
1498
889
387
1442
905
371
896
541
1342
1166
274
1259
1179
244
1089
680
849
760
1503
563
1073
1477
417
741
1481
124
602
251
888
118
1479
460
927
304
529
1076
623
320
1110
589
451
891
1078
525
10
1118
993
936
1021
299
862
386
636
1011
555
1044
1413
1281
1120
1397
1255
590
1156
276
641
227
194
1251
894
368
598
1043
774
947
214
564
761
879
121
423
1085
469
1364
1246
1197
176
1319
711
820
1351
2
1012
1385
617
1002
1243
207
863
441
793
84
538
364
653
700
1032
69
392
910
179
65
877
552
174
846
457
1354
465
594
339
520
268
702
1170
601
1349
245
425
497
537
1247
1003
599
1415
1428
859
419
676
462
934
913
197
1158
1071
92
73
652
1361
362
1181
290
208
920
712
236
52
1023
288
90
613
557
148
591
1283
1193
1209
1472
143
351
621
433
1132
943
501
542
74
1182
999
270
1138
1009
548
876
1178
212
1155
1423
1352
1467
186
301
317
1125
58
655
1207
171
1427
335
1211
1502
1268
1033
1202
437
181
1402
1343
1271
848
1213
296
535
440
1220
382
1059
318
1252
515
1072
661
806
421
56
185
247
689
1294
1307
357
1131
1074
674
427
306
377
463
904
612
1128
350
12
1337
779
768
1460
607
36
1339
1040
163
396
408
794
1393
1346
831
1077
874
994
1334
168
918
1454
951
182
1396
218
310
1094
765
1317
1075
664
406
1258
159
1149
1261
249
637
526
853
1253
755
586
773
1434
132
837
666
803
20
1365
800
860
22
821
1468
1490
395
588
1452
1113
128
924
67
1299
1186
980
744
1482
873
255
584
77
64
690
1336
149
950
484
907
798
758
1153
420
513
187
971
1191
404
1226
527
241
1160
215
1278
1050
422
710
1446
297
692
893
922
911
1266
1438
63
38
210
1290
314
1056
1426
580
500
1406
13
101
1015
1231
549
1039
819
808
1497
1190
291
482
224
45
1374
1173
1288
470
941
26
835
248
608
551
587
137
1027
565
1236
644
729
570
1048
446
1348
1221
505
604
1273
880
638
367
864
714
1249
393
337
62
398
656
403
477
1338
963
471
112
414
346
198
642
29
1217
1184
802
450
1168
521
923
1345
1439
1414
1304
358
445
1285
61
1104
672
759
1084
912
1086
706
717
858
1316
753
222
1159
841
1478
18
217
1133
1081
1139
1022
1411
1096
190
345
987
725
1152
701
507
1237
154
178
493
720
331
1389
995
365
625
743
1006
968
996
424
436
867
165
728
651
624
1177
498
1225
713
1437
824
378
670
1430
230
455
1235
736
480
342
815
279
983
1309
1486
1457
312
704
355
1341
528
509
1295
70
1284
21
675
1017
265
258
1142
410
543
180
1400
199
1116
697
1458
1340
1057
380
742
1282
344
319
961
59
973
1435
379
1405
1123
1199
280
1137
556
28
109
85
1038
1399
32
1367
435
898
577
657
1376
1026
98
1500
313
746
976
383
1218
332
752
740
1083
157
481
958
764
935
1172
1424
50
1350
1356
650
499
718
1369
1061
177
833
82
391
965
418
1034
448
359
1464
522
1381
1347
349
1052
634
1324
1451
694
630
150
219
643
239
1331
1474
1409
553
792
1112
161
788
730
1203
770
750
1318
727
429
1491
1028
17
1287
780
1301
488
1060
134
158
135
1180
325
917
1501
413
1431
933
474
1471
120
524
1145
789
1020
146
1165
