1344
1280
127
890
871
201
649
707
799
35
53
998
933
21
405
581
1063
766
147
458
824
1041
914
553
309
95
789
614
825
1185
167
336
1305
673
1303
76
14
556
1123
957
1275
54
311
1312
733
518
1081
259
1262
1377
1432
813
976
989
875
1318
792
1228
645
1306
995
232
606
1411
219
1203
1108
1315
522
1373
1052
660
892
1139
1264
1025
975
687
1437
698
778
434
444
86
986
1494
965
1476
376
355
158
946
250
670
844
225
1137
87
610
1112
1383
1501
432
701
279
1291
1387
370
98
1471
503
1051
483
11
1106
1358
1484
1214
1196
845
494
1333
720
443
885
856
1276
1418
959
1172
267
1148
1144
105
153
180
1083
400
554
1216
699
1022
50
1134
504
1421
1378
932
59
828
524
516
1480
633
1455
970
685
326
1042
1375
1401
1064
277
1122
718
1302
816
204
1424
1057
203
40
1020
266
226
413
585
1340
372
298
1195
1371
1198
983
152
129
921
709
822
958
260
675
172
1328
511
944
826
625
1488
1489
788
812
111
1500
1394
949
926
325
829
1282
654
1151
119
1180
42
1470
1357
1449
814
536
1267
1310
616
1431
399
619
1372
34
543
629
472
739
781
985
1234
609
1433
455
1440
1169
624
842
1456
1380
442
480
70
474
316
852
1356
80
509
365
173
659
579
740
955
428
360
696
531
1254
39
967
349
979
1229
352
261
1389
447
331
156
1055
1035
1206
1436
125
374
313
1227
468
929
116
716
1
742
429
72
736
626
330
113
1420
1141
273
1441
650
647
238
1451
285
1301
242
209
512
1192
762
872
1159
902
1222
342
108
1242
269
33
1017
776
170
780
461
519
1001
764
383
205
731
228
964
138
640
1215
1115
295
134
191
1018
418
1360
1335
990
223
1403
1409
216
546
287
1284
1408
126
569
117
135
1448
85
605
258
200
533
397
801
972
771
1087
1369
745
344
695
1444
777
1400
78
1239
7
28
1332
230
1066
1430
1038
1171
1100
1145
1176
107
917
82
1205
1370
302
782
71
1060
467
866
5
1210
488
1225
582
115
648
1080
1037
1388
123
719
1238
1010
161
415
190
991
1359
898
786
734
278
300
1376
1263
669
366
1274
577
100
1116
528
32
738
749
379
312
1435
593
303
120
750
868
1461
1061
634
754
651
37
319
916
840
213
60
1270
1300
1069
797
576
886
1021
198
1032
700
84
653
364
538
793
441
563
15
838
534
19
539
402
412
1085
469
1246
1364
820
711
1319
176
1197
1351
1012
2
1385
1243
1002
617
207
863
174
552
179
65
877
910
392
69
846
457
594
465
1354
339
520
268
790
1117
1232
665
748
881
430
667
517
1368
785
145
938
1130
1244
1298
578
381
1163
992
1105
1477
1073
417
741
1481
124
251
602
1259
541
1342
274
1166
896
371
760
1503
849
680
1089
244
1179
1416
523
1183
452
389
948
510
805
532
1049
456
1175
1161
6
183
1353
1062
323
997
635
264
231
1498
889
387
662
1442
905
911
139
937
832
1167
1272
839
1311
334
1162
1219
908
49
202
830
492
282
4
327
573
1313
235
632
1098
658
818
74
1182
270
542
1260
1126
1429
682
284
1107
1323
1109
722
978
401
388
439
804
1407
1000
41
952
110
1047
1492
89
869
928
47
175
453
102
705
900
809
595
478
628
329
1090
206
887
568
678
1425
476
46
24
882
919
1325
68
906
361
1493
1147
486
1327
390
1093
1443
974
668
836
1058
166
1150
791
566
1014
1404
691
96
506
31
130
1099
663
308
756
708
411
883
275
897
772
502
305
652
1361
1398
363
94
1187
903
843
252
560
43
737
1121
977
1146
1250
1230
1390
1007
870
1070
122
75
953
416
1483
369
454
195
3
679
1224
596
155
1143
162
79
715
438
338
693
473
925
136
1129
1004
91
1322
489
547
622
1447
1462
784
1223
631
142
289
688
1204
1016
834
464
30
356
1092
823
611
353
373
1091
757
603
1135
1174
561
1417
787
1469
354
1289
99
9
394
375
384
940
1286
575
884
1031
1355
597
721
1487
847
348
294
1233
1459
514
1422
341
1382
572
1410
479
590
774
947
1294
1307
192
899
525
10
1118
827
956
1345
450
1168
923
521
802
1184
1217
29
642
927
304
529
1076
674
1074
1131
589
451
891
1078
623
320
1110
460
1479
118
888
1077
831
1346
1393
794
408
607
427
306
377
396
36
1339
1040
163
1396
182
918
638
1454
951
874
168
1334
994
288
1472
1209
1283
1193
591
159
1317
1075
664
406
1258
148
557
613
90
1023
143
351
621
433
1132
1252
515
501
943
806
1072
661
689
212
999
1155
1423
247
56
185
421
1138
1009
548
876
1178
1402
1343
1467
1352
301
186
317
1125
181
1202
437
1033
1211
1502
1268
58
655
1207
171
335
1213
296
1271
848
1427
535
440
1220
382
1059
318
853
526
637
249
1149
1261
1094
765
505
604
1273
880
1044
1460
768
1128
350
12
1281
1337
779
1413
1156
276
1255
1120
1113
702
555
1011
386
636
862
299
112
362
1181
290
208
612
904
463
52
236
712
920
121
423
214
564
761
879
835
248
608
644
1236
565
729
551
1027
137
587
357
1338
477
1102
414
403
656
1043
218
310
714
1249
367
864
398
62
337
393
936
63
1438
38
368
598
894
1251
194
641
227
993
64
77
1039
549
1231
1015
101
13
1406
500
490
426
966
189
485
571
895
321
1329
131
1095
45
224
482
291
1190
1497
808
819
580
314
1426
1056
1288
470
941
26
1374
1173
1290
873
980
744
149
1412
1019
1186
346
128
347
255
210
530
930
907
1482
950
584
798
690
1336
1299
484
1170
1450
1266
758
627
243
527
241
982
466
1277
1160
215
1153
420
1226
404
1191
971
513
187
1278
1050
422
893
692
297
710
1446
922
858
601
1349
245
425
570
446
1048
1348
1221
1247
1003
497
537
1415
599
1428
859
419
676
934
462
913
197
1158
1071
73
92
1253
755
22
821
1468
1434
860
800
1365
20
803
666
837
586
773
132
1452
588
395
1490
471
963
67
924
1397
1439
1414
1304
358
445
1285
61
1104
717
706
1086
912
1084
759
672
1316
753
1119
324
1419
683
449
725
1279
684
681
154
1103
1496
850
146
1321
106
775
857
1495
1458
1445
1366
1189
493
935
1384
246
262
240
1265
945
391
1200
1499
1005
841
1478
18
851
81
981
265
1194
157
1136
567
1114
1054
1292
481
1157
51
1008
1463
1065
16
57
407
677
222
104
280
988
767
686
1142
140
752
114
969
1473
713
495
1067
704
996
915
769
726
1053
630
199
1320
1248
807
1362
237
292
1391
1241
1457
253
196
954
1341
491
178
1124
496
811
239
27
865
939
728
861
962
333
1256
436
435
1367
1326
855
1201
286
783
1237
1466
1324
1350
1177
1314
498
48
8
620
544
1199
169
1140
1026
184
540
188
220
160
83
1068
487
1029
942
1453
724
600
1295
340
1096
1474
165
281
545
1024
1287
1079
1046
815
1309
1363
217
221
1165
574
1245
1308
410
229
1154
133
618
271
671
1006
1133
1395
1030
1485
109
103
385
1152
694
646
263
293
1082
867
1297
1188
639
1097
431
723
150
1399
697
562
359
1034
211
1486
730
1475
1127
322
177
732
283
583
559
17
1111
234
1036
961
193
233
315
795
558
307
747
475
1045
1386
23
507
93
1257
1405
1013
592
1101
1028
1330
1088
909
332
1235
735
550
97
448
931
343
1164
424
25
1465
878
44
499
1218
508
643
901
1379
1381
810
703
1293
743
409
144
727
256
164
770
345
984
987
833
1392
854
968
1347
254
1491
380
657
257
746
796
1240
960
1296
55
763
88
328
66
817
973
1269
751
1331
378
141
1464
615
1212
272
151
459
1208
