1917
1935
1998
1875
1877
1712
1962
1783
1863
1790
1768
1724
1806
1905
1745
495
466
437
408
407
436
465
494
523
552
581
610
639
640
611
582
671
700
699
670
641
612
1426
1455
1456
1485
669
668
698
697
729
728
758
759
1384
1385
1357
1356
1327
1328
1299
515
516
545
544
542
543
514
513
519
548
546
547
518
517
1329
1330
1359
1358
575
576
577
606
605
607
608
579
578
549
550
551
522
521
1302
1331
1360
1332
1303
1361
1390
580
609
638
493
492
463
434
405
406
435
464
345
374
375
404
433
432
403
372
401
402
373
431
430
489
490
461
460
462
491
520
1301
1300
1243
1272
1273
1244
459
488
486
487
458
457
428
429
343
344
315
314
285
286
287
316
1186
1215
1214
1185
1156
1127
1128
1157
1275
1304
1305
1334
1333
1362
1391
1420
1392
1363
1419
1448
1476
1447
1505
1477
1412
1441
1440
1471
1442
1413
1414
631
630
629
628
626
627
656
657
658
659
660
690
689
688
687
1472
1501
1502
1473
1444
1443
750
751
1504
1503
1532
721
722
693
694
1418
1389
1388
1417
635
636
637
666
665
664
663
634
633
632
662
661
691
692
1474
1445
1446
1475
1415
1416
1387
1386
601
602
603
604
574
573
410
411
440
439
468
469
438
409
1223
1252
1253
1224
1255
1254
1283
1284
471
470
499
500
531
530
501
502
413
442
441
412
383
354
355
384
1199
1198
1227
1228
1258
1287
1285
1286
1257
1256
1194
1195
1166
1196
1197
1226
1225
1167
1168
1139
1138
324
323
352
381
382
353
380
351
322
293
379
350
321
320
349
378
291
292
263
234
262
264
235
207
236
1110
1109
1080
1081
1082
1053
1052
1023
1024
1022
1051
1165
1136
1137
1108
1079
1078
1107
179
150
151
122
121
93
149
178
206
47
48
49
18
17
16
945
946
917
916
918
919
920
950
949
948
947
970
969
940
941
968
967
996
995
1449
1421
1450
1478
1479
1507
1506
1534
1617
1618
1590
1562
233
204
205
148
176
177
1050
1049
1020
1021
1077
1048
1076
1075
1103
1104
1132
1161
1133
939
938
910
911
887
888
889
890
860
859
858
921
922
953
954
923
892
891
992
991
963
987
988
1016
1017
989
961
990
1018
1045
1046
1074
1047
1019
937
908
909
935
936
964
1015
986
985
955
924
925
957
956
926
927
928
869
870
899
898
897
868
867
865
866
896
895
893
894
864
863
862
861
962
933
934
932
931
960
959
958
930
929
900
901
842
843
872
871
846
875
874
845
844
873
902
903
905
904
876
847
848
877
879
850
849
878
906
907
117
118
90
89
88
59
60
61
1
2
31
30
33
32
3
4
5
34
35
6
7
880
851
852
853
881
91
62
63
113
83
53
54
25
24
114
85
84
26
55
56
27
58
57
28
29
87
86
115
116
173
174
144
145
143
119
147
146
175
857
856
855
854
882
883
36
8
37
21
23
22
52
51
65
64
92
120
984
1014
1044
1043
1013
983
142
172
202
203
232
112
82
81
50
20
19
966
965
993
994
1620
1619
1591
1563
1535
1508
1536
1537
1564
1593
1592
1565
1566
1594
1595
1568
1567
1597
1596
1598
1599
1630
1629
1658
1659
1628
1627
1656
1657
1655
1654
1625
1626
1676
1677
1678
1649
1648
1650
1651
1680
1679
1652
1653
1681
1682
1624
1623
1622
1621
1661
1660
1631
1632
1633
1662
1663
1673
1674
1675
1647
1646
1645
809
838
837
811
812
841
840
839
810
781
782
783
754
753
886
885
884
912
913
914
915
11
10
9
38
39
40
67
66
1604
1603
1573
1543
787
817
816
815
814
813
784
785
786
1602
1601
1600
1571
1572
1569
1570
1540
1539
1538
1509
1510
1480
1482
1512
1511
1541
1542
1481
1451
1452
1423
1422
1393
1635
1634
1664
1665
1666
1667
1668
1669
1670
1671
1672
1644
1643
818
788
1073
1072
1102
1101
1131
1071
1041
1042
1012
982
952
951
980
981
1011
1010
80
110
111
141
171
201
261
231
260
1277
1248
1249
1220
1191
1162
1190
1219
1135
1106
1105
1134
1192
1163
1164
1193
752
724
725
696
667
695
723
1533
1561
1589
779
807
808
780
836
835
1616
755
756
757
727
726
1483
1513
1484
1514
1425
1454
1424
1453
1365
1394
1395
1366
1338
1309
1308
1337
1336
1307
1278
1306
1335
1364
1279
1250
1221
1222
1251
1280
1642
1641
1640
1639
1638
1637
1636
1605
1606
15
14
43
44
45
46
75
74
73
72
70
71
42
41
12
13
944
943
942
971
972
1355
1354
1383
1382
1411
1381
1410
1409
1380
1351
1323
1352
1353
1324
567
566
595
596
598
597
568
569
572
571
570
599
600
620
621
622
1406
1435
1436
1437
1408
1407
1349
1378
1379
1350
1321
1320
594
623
624
625
565
564
593
592
563
562
561
590
591
1404
1405
1376
1375
1377
1348
1319
1318
1347
1346
1317
1288
1372
1371
1400
1401
586
585
613
584
1399
1398
1427
1428
1486
1487
1458
1457
644
645
643
642
614
615
1429
1430
616
617
619
618
1432
1431
1460
1459
646
647
648
1461
1462
1433
1434
1373
1374
1403
1402
587
588
589
560
559
558
557
528
529
1313
1314
1343
1342
1344
1345
1316
1315
467
496
497
498
1312
1311
1282
1281
1310
1339
525
526
527
556
555
1370
1369
1340
1341
524
553
554
583
1397
1368
1367
1396
1274
1245
1216
1217
1246
1247
1276
1218
1189
1188
1159
1130
1160
1129
1158
1187
317
346
376
347
318
289
319
290
348
377
257
228
229
258
259
288
230
200
199
170
140
169
139
1039
1040
1069
1100
1070
1099
1098
1097
1068
677
676
1490
1491
1520
1519
705
706
735
1549
1548
734
762
763
1577
1576
1546
1547
733
732
730
731
760
761
1575
1574
1544
1545
675
674
1488
1489
1517
1518
704
703
1516
1515
701
702
673
672
790
789
819
820
821
822
792
791
824
823
1608
1607
1578
1579
765
764
793
794
795
796
1610
1609
1581
1580
766
767
737
1551
1552
736
1550
1521
1522
708
707
1494
1495
1524
1523
710
709
738
739
649
650
1464
1463
1492
1493
679
678
681
680
651
652
1465
1466
1438
1439
1468
1467
1496
1497
712
711
682
683
684
655
654
653
509
510
539
538
540
541
512
511
482
481
452
453
395
394
423
424
425
396
397
368
367
1151
1180
1209
1208
1237
282
311
340
341
312
283
284
313
342
370
371
400
399
398
369
1182
1211
1239
1210
1152
1181
1153
1124
1125
1154
1155
1126
1183
1212
1184
1213
1241
1270
1242
1271
1298
1297
1326
1325
1296
1268
1269
1240
1238
1267
1266
1295
483
454
426
427
456
455
484
485
99
100
129
128
157
158
156
155
126
127
97
98
69
68
124
123
94
95
96
125
154
153
152
1025
1026
997
998
1027
1028
1057
1056
1084
1055
1054
1083
326
325
296
297
268
267
266
295
294
265
238
237
208
209
210
181
180
242
213
184
183
182
211
212
241
239
240
269
270
328
299
298
327
1140
1169
1170
1141
1112
1111
1113
1142
1171
1172
1143
533
532
503
504
416
387
386
357
356
385
1229
1200
1201
1230
1259
474
445
415
444
443
414
473
472
1560
1531
1530
1559
1558
748
749
720
719
718
717
744
745
746
747
776
775
777
778
806
1588
1587
742
743
714
713
1527
1556
1557
1528
1500
1529
715
716
686
685
1470
1499
1498
1469
1526
1555
1553
1554
1525
740
741
770
771
800
799
1613
1584
769
768
1582
1583
1612
1611
797
798
829
830
831
772
773
774
803
802
801
1615
1614
1585
1586
805
804
832
833
834
828
827
826
825
280
309
338
339
310
281
252
251
222
193
194
223
1093
1122
1123
1094
1065
1036
1064
1035
1034
1092
1063
1062
1091
1178
1149
1120
1121
1150
1179
366
365
336
337
278
307
308
279
250
249
220
191
192
221
162
161
130
101
102
103
132
131
104
105
134
133
163
164
135
975
974
973
1002
1003
1004
1033
1061
1032
1031
1029
1030
1001
1000
999
977
976
1005
1006
1007
1008
1009
979
978
1037
1038
138
108
109
79
78
77
76
106
107
136
137
1067
1096
1095
1066
253
224
225
254
167
196
195
166
165
168
197
198
227
226
255
256
480
479
450
451
422
421
420
419
448
449
478
477
1204
1233
1234
1205
1177
1148
1147
1176
1175
1146
332
333
362
361
390
391
393
392
363
364
1231
1232
1203
1174
1173
1202
417
388
389
418
476
447
446
475
1260
1289
1290
1261
1263
1262
1291
1292
506
505
534
535
537
536
507
508
1322
1293
1264
1265
1294
1207
1236
1235
1206
248
247
276
277
306
335
334
305
303
304
275
274
246
245
216
217
188
187
159
160
190
189
218
219
1119
1090
1059
1060
1089
1118
1117
1088
1087
1058
186
185
214
215
244
243
1116
1145
1144
1115
1086
1085
1114
271
300
301
272
273
302
331
360
359
330
329
358
1870
1787
1799
1834
1912
1791
1807
1686
1979
1797
1821
1708
1825
1923
1706
1793
1705
1985
1771
1993
1947
1999
1907
1833
1848
1837
1717
1874
2000
1831
1913
1835
1784
1866
1986
1741
1763
1976
1699
1906
1829
1754
1757
1977
1862
1980
1958
1713
1851
1886
1916
1742
1805
1892
1969
1994
1845
1801
1684
1728
1781
1942
1975
1984
1725
1911
1776
1739
1792
1949
1879
1927
1685
1934
1931
1772
1758
1950
1711
1887
1854
1738
1968
1898
1694
1690
1921
1987
1714
1697
1900
1974
1753
1743
1914
1867
1948
1846
1764
1857
1749
1864
1908
1803
1769
1809
1989
1843
1943
1880
1796
1842
1709
1720
1813
1904
1891
1775
1827
1890
1982
1774
1780
1830
1729
1789
1919
1988
1852
1815
1978
1751
1814
1747
1810
1730
1752
1903
1841
1820
1872
1735
1798
1856
1850
1973
1941
1957
1838
1750
1733
1762
1802
1933
1823
1736
1897
1970
1940
1715
1869
1997
1817
1727
1688
1918
1785
1782
1878
1703
1909
1828
1884
1902
1859
1972
1926
1683
1822
1737
1695
1839
1945
1928
1952
1759
1881
1693
1808
1932
1885
1961
1924
1991
1722
1861
1990
1888
1826
1946
1873
1860
1726
1844
1770
1896
1700
1773
1718
1925
1894
1766
1992
1812
1779
1956
1965
1963
1811
1765
1746
1740
1855
1701
1716
1922
1800
1865
1692
1755
1836
1687
1748
1710
1964
1876
1696
1858
1901
1967
1959
1929
1767
1915
1723
1960
1744
1818
1944
1707
1719
1849
1951
1734
1840
1778
1732
1953
1786
1868
1761
1930
1721
1847
1966
1936
1893
1937
1704
1824
1804
1853
1816
1871
1920
1899
1995
1889
1955
1731
1883
1832
1910
1996
1788
1698
1895
1702
1981
1794
1777
1939
1938
1819
1882
1689
1760
1954
1971
1691
1795
1756
1983
