1720
1871
1979
1893
1819
1899
1910
1855
1741
1948
1914
1937
1801
1902
1723
1710
1906
1715
1696
1923
1810
1863
1771
1974
1996
1892
1826
1691
1782
1760
1846
1851
1757
1703
1999
1859
1796
1984
1718
1708
1737
1747
1890
1814
1904
1939
1961
1850
1911
1751
1709
1887
1941
1815
1942
1824
1792
1957
1818
1738
1888
1798
1740
1995
1849
1714
1693
1784
1900
1717
1768
1864
1820
1705
1963
1754
1866
1968
364
363
392
393
422
421
449
448
419
420
391
390
361
362
1087
1088
1089
1118
1117
1116
1145
1144
1173
1146
1175
1176
1147
1148
1177
1206
1264
1235
1234
1263
1262
1205
1204
1233
1232
1203
1174
1202
1231
1260
1289
1290
1261
418
389
388
417
416
387
358
329
330
359
360
331
332
505
506
507
478
477
447
476
475
446
445
474
1201
1172
1143
1114
1113
1084
1083
1055
1056
1085
1115
1086
1057
1058
215
214
243
244
302
273
272
301
629
630
601
600
597
598
599
628
627
626
535
536
565
564
593
594
591
592
563
562
1318
1347
1348
1319
1377
1376
1378
1349
1350
1321
1292
1291
1320
1407
1406
1435
1434
1433
1404
1405
619
620
621
622
1408
1409
1351
1380
1379
1293
1322
1323
1294
1324
1353
1352
1381
1382
1383
1354
1411
1410
1439
1438
1466
1467
1465
1437
1436
623
624
625
595
596
567
566
568
569
540
539
537
538
509
508
534
533
504
503
532
531
530
501
502
473
382
383
412
441
413
384
442
471
472
415
444
443
414
385
356
357
386
1228
1227
1256
1257
1285
1286
1315
1288
1317
1316
1287
1229
1258
1259
1230
241
240
211
212
213
242
271
300
299
270
269
298
327
328
1142
1171
1200
1199
1170
1169
1140
1111
1112
1141
1139
1168
1167
1196
1225
1226
1197
1198
1064
1065
1036
1035
1033
1034
1063
161
162
133
132
159
160
189
188
187
186
157
158
185
184
1028
1027
998
997
1026
1025
638
637
666
667
694
665
695
696
725
724
751
752
723
722
720
721
750
749
778
779
803
802
801
830
831
832
833
834
835
836
807
806
805
804
1616
1615
1614
1613
1585
1586
1559
1560
1588
1587
1617
1618
1590
1589
1561
1562
791
790
819
820
821
818
817
788
789
787
786
815
816
814
813
784
785
758
757
756
755
726
727
728
729
1396
1425
1395
1424
1453
1454
1483
1484
1455
1482
1511
1512
1541
1540
1539
1538
1509
1510
1481
1480
1451
1422
1393
1364
1365
1394
1423
1452
1307
1336
1335
1306
1277
1248
1219
1220
1249
1278
1505
1477
1506
1534
1535
1564
1563
1536
1537
1508
1507
1478
1479
1450
1449
812
811
840
841
839
810
837
838
809
808
780
781
782
783
754
753
258
259
288
289
290
261
260
229
230
200
199
1006
1007
977
978
1008
1009
1038
1037
1068
1069
1040
1039
1070
1100
1099
1129
265
236
235
264
179
178
207
208
320
321
292
291
262
263
1135
1106
1134
1163
1162
1191
1190
1161
1133
1104
1103
1132
1105
1076
1048
1077
1050
1049
1020
1021
994
993
1022
152
151
122
123
124
125
96
97
171
172
143
142
173
174
203
202
201
231
232
1130
1131
1102
1101
1072
1073
1044
1043
1042
1013
1012
1041
1071
1010
1011
982
981
980
979
947
948
949
950
951
920
919
918
917
941
940
939
938
910
911
912
913
914
915
916
44
45
16
17
18
19
47
46
48
49
29
28
57
58
56
27
26
55
54
25
113
114
85
84
87
86
115
116
145
144
112
83
82
80
81
24
53
52
23
22
51
50
21
20
95
94
65
66
67
15
14
13
12
42
43
41
40
11
10
39
38
992
991
962
963
1018
990
1019
1047
1075
1074
1045
1046
921
922
952
953
1014
1015
986
985
954
955
984
983
892
863
864
893
894
865
866
895
924
923
957
956
927
928
926
925
867
896
897
868
899
898
869
870
148
147
146
117
118
119
858
859
860
861
862
891
890
889
888
887
886
885
884
883
854
855
856
857
853
852
881
882
1017
1016
987
988
959
958
961
960
989
929
930
901
900
842
871
872
843
846
875
874
845
844
873
903
902
931
932
905
904
933
934
907
906
876
847
848
877
878
849
851
850
879
880
91
90
61
62
59
60
89
88
30
31
2
1
3
32
33
4
5
34
35
6
7
36
37
8
9
64
63
92
93
937
908
909
936
935
964
965
121
120
149
150
234
233
205
204
175
176
177
206
68
69
70
71
76
77
78
79
109
108
107
106
138
139
140
141
111
110
170
169
946
945
944
943
942
75
74
73
72
102
103
104
105
969
968
967
966
995
996
1591
1592
1593
1565
1566
1594
1595
1624
1623
1622
1621
1620
1619
1674
1675
1646
1647
1676
1677
1648
1649
1650
1651
1680
1679
1678
1682
1681
1652
1653
1662
1661
1660
1659
1630
1631
1629
1628
1627
1656
1657
1658
1655
1654
1625
1626
1599
1598
1597
1596
1567
1568
1569
1570
1572
1571
1600
1601
1602
1603
1637
1636
1635
1634
1633
1632
1663
1664
1665
1666
1667
1668
1669
1670
1671
1672
1673
1645
1644
1643
1642
1641
1640
1639
1638
131
130
129
128
98
99
100
101
127
126
155
156
183
182
153
154
181
180
209
210
1002
1001
1000
999
970
971
972
973
974
975
976
1005
1004
1003
163
164
165
166
137
136
135
134
195
196
167
168
197
198
1165
1136
1107
1078
1079
1108
1137
1166
1138
1109
1110
1024
1023
1052
1051
1080
1081
1082
1053
1054
1195
1224
1194
1223
1252
1279
1250
1251
1222
1221
1192
1193
1164
323
294
293
322
351
380
381
352
379
350
349
378
436
407
408
437
1276
1275
1246
1247
1218
1217
1188
1189
1160
1159
1158
1187
1216
1245
581
582
611
610
639
640
669
668
697
698
699
700
701
671
670
641
642
643
672
673
1487
1458
1457
1486
1485
1456
732
733
762
761
760
759
730
731
1516
1515
1514
1513
1542
1543
1574
1573
1544
1545
1547
1546
1517
1518
1550
1551
1552
767
766
765
736
737
738
739
768
769
797
798
799
800
829
828
827
826
822
823
824
825
796
795
794
793
792
1549
1548
1577
1578
1579
1608
1607
1606
1605
1604
1575
1576
1612
1611
1610
1609
1580
1581
1582
1583
1584
1334
1305
1304
1333
1362
1391
1392
1363
1421
1420
1447
1476
1448
1390
1419
1418
1389
353
324
325
354
355
326
297
296
295
266
237
239
238
267
268
377
376
347
348
319
318
346
317
316
345
375
404
433
434
405
406
435
464
493
492
463
374
403
402
373
344
315
314
343
1186
1157
1156
1185
1184
1155
1154
225
226
255
254
284
285
287
286
256
257
228
227
1097
1098
1128
1127
1126
1125
1095
1096
1067
1066
495
466
465
494
523
552
553
524
1308
1337
1366
1367
1338
1309
1280
1281
1310
1339
1368
1370
1369
1397
1426
1427
1398
1399
1428
614
613
584
585
583
612
525
554
556
555
526
527
558
557
528
529
500
499
470
469
468
497
498
496
467
438
409
410
439
440
411
1255
1254
1283
1284
1282
1253
1311
1340
1341
1312
1314
1313
1342
1343
1533
1532
1504
1475
1503
1502
1531
1530
1444
1473
1474
1445
1446
1417
663
664
693
692
690
691
662
661
659
660
689
688
1471
1500
1501
1472
1443
1442
1414
1385
1386
1415
1416
1387
606
607
636
635
633
634
605
604
602
603
632
631
719
718
717
716
745
746
775
774
776
777
748
747
1557
1558
1529
1528
1527
1556
1555
715
714
743
744
773
772
771
770
740
741
742
713
712
711
710
1494
1495
1524
1523
1553
1554
1525
1526
1496
1497
1468
1440
1441
1470
1499
1498
1469
686
687
658
657
653
654
655
656
685
684
683
682
681
680
651
652
650
649
1463
1464
1493
1492
1521
1522
709
708
679
678
764
763
734
735
705
704
675
674
703
702
676
677
706
707
1520
1519
1490
1491
1489
1488
1459
1460
1461
1462
648
647
646
645
644
615
616
587
586
1371
1372
1401
1400
1429
1430
1403
1402
1431
1432
618
617
588
589
590
561
560
559
1345
1344
1373
1374
1375
1346
1412
1413
1384
1328
1357
1356
1355
1326
1327
1298
513
514
543
542
541
512
570
571
572
573
1300
1271
1270
1299
1213
1242
1272
1243
1214
1215
1244
1274
1303
1302
1273
1301
1330
1329
1358
1388
1359
1331
1360
1361
1332
576
577
578
549
520
519
548
521
522
551
550
579
580
609
608
462
491
489
490
432
461
460
431
515
516
545
544
574
575
546
547
518
517
459
488
487
458
429
428
457
486
485
456
1060
1059
1029
1030
1031
1032
1061
1062
1091
1090
1119
1120
1149
336
335
306
277
276
305
334
333
303
304
275
274
246
245
216
217
219
218
247
248
220
191
190
192
221
222
193
194
223
224
282
253
252
281
309
280
251
250
249
307
278
279
308
337
338
367
366
365
394
395
1209
1180
1181
1152
1123
1124
1153
1094
1093
1122
1151
1121
1092
1150
1179
1178
1207
1208
1237
1236
1265
1266
1295
1325
1296
1297
1268
1267
1238
1239
1210
1182
1211
1212
1183
1241
1240
1269
430
401
400
371
372
370
399
341
342
313
312
283
340
311
310
339
368
369
398
427
426
397
455
484
483
396
425
454
453
424
423
480
479
450
451
452
481
482
511
510
1699
1713
1831
1936
1694
1753
1958
1707
1844
1837
1692
1857
1856
1931
1843
1816
1838
1752
1736
1743
1934
1779
1781
1835
1687
1884
1727
1734
1933
1986
1783
1928
1908
1845
1927
1788
1897
1870
1836
1721
1925
1953
1982
1797
1971
1880
1785
1852
1903
1905
1774
1885
1955
1803
1725
1827
1786
1862
1981
1964
1749
1943
1956
1954
1794
1991
1874
1990
1711
1980
1983
1891
1901
1802
1889
1994
1822
1833
1722
1745
1767
1761
1973
1729
1809
1777
1882
1975
1772
1913
1895
1878
1916
1879
1872
1932
1915
1952
1858
1805
1842
1997
1922
2000
1944
1716
1778
1804
1950
1989
1728
1821
1746
1789
1919
1854
1688
1684
1873
1787
1962
1938
1806
1742
1756
1841
1764
1712
1869
1867
1686
1924
1790
1769
1685
1921
1795
1881
1829
1704
1726
1813
1834
1731
1733
1695
1970
1935
1823
1945
1839
1896
1946
1877
1918
1926
1832
1698
1817
1940
1719
1985
1759
1808
1930
1793
1966
1960
1732
1993
1683
1977
1830
1701
1762
1690
1947
1730
1748
1689
1868
1847
1750
1765
1886
1840
1755
1894
1969
1828
1949
1776
1959
1912
1853
1861
1967
1770
1697
1739
1775
1791
1988
1799
1825
1898
1800
1951
1998
1909
1702
1700
1744
1773
1812
1883
1865
1848
1965
1976
1780
1876
1724
1860
1763
1972
1907
1920
1992
1807
1917
1811
1706
1978
1987
1929
1766
1875
1758
1735
