8.170028818443804131e-01
7.766570605187319565e-01
8.126801152737752609e-01
8.155619596541786587e-01
8.342939481268011326e-01
8.069164265129682434e-01
8.400576368876080391e-01
8.170028818443804131e-01
8.227665706051873196e-01
8.025936599423630913e-01
7.997118155619595825e-01
8.487031700288184544e-01
8.213256484149855652e-01
8.126801152737752609e-01
8.213256484149855652e-01
8.299711815561959805e-01
8.530259365994236065e-01
8.155619596541786587e-01
8.443804034582131912e-01
7.853025936599423718e-01
