8.083573487031699978e-01
7.665706051873198978e-01
8.170028818443804131e-01
7.997118155619595825e-01
7.968299711815561848e-01
7.982708933717579391e-01
8.054755043227666000e-01
8.285302593659942261e-01
7.766570605187319565e-01
7.809798270893371086e-01
7.291066282420748390e-01
8.213256484149855652e-01
8.371757925072045303e-01
7.896253602305475239e-01
7.031700288184437042e-01
7.867435158501441261e-01
8.198847262247839218e-01
7.737752161383284477e-01
8.040345821325648457e-01
7.550432276657059738e-01
