7.953890489913544304e-01
8.112391930835733955e-01
7.795389048991354652e-01
7.982708933717579391e-01
7.968299711815562958e-01
8.155619596541786587e-01
8.141210374639769043e-01
8.573487031700288696e-01
7.997118155619595825e-01
7.925072046109510326e-01
8.227665706051873196e-01
8.414985590778097935e-01
8.587896253602305130e-01
8.285302593659942261e-01
8.054755043227666000e-01
8.342939481268011326e-01
8.530259365994236065e-01
8.213256484149855652e-01
8.299711815561958694e-01
8.025936599423630913e-01
