8.198847262247839218e-01
8.083573487031699978e-01
8.414985590778097935e-01
7.680115273775216522e-01
8.400576368876080391e-01
8.256484149855907173e-01
8.112391930835735065e-01
8.155619596541786587e-01
8.256484149855907173e-01
8.285302593659942261e-01
8.227665706051873196e-01
7.896253602305476349e-01
8.025936599423630913e-01
8.184438040345820564e-01
8.097982708933717522e-01
8.270893371757924717e-01
8.198847262247839218e-01
8.242074927953890739e-01
8.731988472622478348e-01
7.723342939481268044e-01
